0.010000 0.029452
0.020000 0.122173
0.030000 0.256345
0.040000 0.417243
0.050000 0.595594
0.060000 0.784853
0.100000 1.559343
0.110000 1.742057
0.120000 1.917135
0.130000 2.084578
0.140000 2.242748
0.150000 2.391646
0.160000 2.530727
0.170000 2.659991
0.180000 2.778891
0.190000 2.888520
0.200000 2.988331
0.210000 3.078870
0.220000 3.160682
0.230000 3.235404
0.260000 3.418664
0.270000 3.467206
0.280000 3.510293
0.290000 3.547382
0.300000 3.579016
0.310000 3.605741
0.320000 3.628103
0.330000 3.645556
0.340000 3.659192
0.350000 3.668464
0.360000 3.674464
0.370000 3.677736
0.380000 3.678827
0.390000 3.678281
0.400000 3.676645
0.410000 3.672827
0.420000 3.665737
0.430000 3.657010
0.440000 3.647193
0.450000 3.634648
0.460000 3.621013
0.470000 3.605196
0.480000 3.588288
0.490000 3.570835
0.500000 3.552290
0.510000 3.533201
0.520000 3.513566
0.530000 3.493931
0.540000 3.473751
0.550000 3.453570
0.560000 3.433935
0.570000 3.413755
0.580000 3.394665
0.590000 3.375576
0.600000 3.357032
0.610000 3.338488
0.620000 3.320489
0.630000 3.303581
0.640000 3.286673
0.650000 3.270856
0.660000 3.255584
0.670000 3.241404
0.680000 3.227768
0.690000 3.214678
0.700000 3.202679
0.710000 3.191226
0.720000 3.180863
0.730000 3.171045
0.740000 3.162318
0.750000 3.153592
0.760000 3.146501
0.770000 3.139411
0.780000 3.132866
0.790000 3.127412
0.800000 3.122503
0.820000 3.113776
0.830000 3.110504
0.840000 3.107777
0.850000 3.105050
0.860000 3.102868
0.870000 3.101232
0.880000 3.100141
0.890000 3.099050
0.900000 3.098505
0.910000 3.098505
0.920000 3.097960
0.930000 3.097960
0.940000 3.097960
0.950000 3.097960
0.960000 3.097960
0.970000 3.097960
0.990000 3.097960
1.000000 3.097960
1.010000 3.097960
1.020000 3.097960
1.030000 3.097960
1.040000 3.097960
1.050000 3.097960
1.060000 3.097960
1.070000 3.097960
1.080000 3.097960
1.090000 3.097960
1.100000 3.097960
1.110000 3.097960
1.120000 3.097960
1.130000 3.097960
1.140000 3.097960
1.160000 3.097960
1.170000 3.097960
1.180000 3.097960
1.190000 3.097960
1.200000 3.097960
1.210000 3.097960
1.220000 3.097960
1.230000 3.097960
1.240000 3.097960
1.250000 3.098505
1.260000 3.098505
1.270000 3.099596
1.280000 3.100141
1.290000 3.101232
1.300000 3.102323
1.310000 3.103959
1.320000 3.105050
1.330000 3.106686
1.340000 3.108322
1.350000 3.109413
1.365000 3.111049
1.375000 3.112140
1.385000 3.113776
1.395000 3.115413
1.405000 3.116503
1.415000 3.118140
1.425000 3.119776
1.435000 3.121412
1.445000 3.122503
1.455000 3.124139
1.465000 3.125776
1.475000 3.126866
1.485000 3.128503
1.495000 3.129594
1.505000 3.131230
1.515000 3.132321
1.525000 3.133411
1.535000 3.134502
1.545000 3.135048
1.555000 3.136138
1.565000 3.136684
1.575000 3.137229
1.585000 3.137775
1.595000 3.138320
1.605000 3.138865
1.615000 3.139411
1.625000 3.139956
1.635000 3.140502
1.645000 3.141047
1.655000 3.141593
1.665000 3.142138
1.675000 3.142138
1.685000 3.142684
1.695000 3.142684
1.705000 3.143229
1.715000 3.143229
1.735000 3.143774
1.745000 3.143774
1.755000 3.143774
1.765000 3.143774
1.775000 3.144320
1.785000 3.144320
1.795000 3.144320
1.805000 3.144320
1.815000 3.144320
1.825000 3.144320
1.835000 3.144320
1.845000 3.144320
1.855000 3.144320
1.865000 3.144320
1.875000 3.144320
1.885000 3.144320
1.905000 3.144320
1.915000 3.144320
1.925000 3.144320
1.935000 3.144320
1.945000 3.144320
1.955000 3.144320
1.965000 3.144320
1.975000 3.144320
1.985000 3.144320
1.995000 3.144320
2.005000 3.144320
