0.000000 0.000000
0.010000 3.120365
0.020000 3.036371
0.030000 2.907653
0.040000 2.750574
0.050000 2.575495
0.060000 2.388418
0.090000 1.802642
0.100000 1.614473
0.110000 1.431214
0.120000 1.255044
0.130000 1.086511
0.140000 0.926704
0.150000 0.776715
0.160000 0.635998
0.170000 0.505098
0.190000 0.273297
0.200000 0.171304
0.210000 0.079674
0.220000 -0.004320
0.230000 -0.080132
0.250000 -0.211032
0.260000 -0.267210
0.270000 -0.316843
0.280000 -0.361021
0.290000 -0.399200
0.300000 -0.432471
0.310000 -0.459742
0.320000 -0.483194
0.330000 -0.501739
0.340000 -0.515919
0.360000 -0.533373
0.370000 -0.537190
0.380000 -0.538827
0.390000 -0.538827
0.400000 -0.537190
0.410000 -0.533918
0.420000 -0.527918
0.430000 -0.519737
0.440000 -0.509920
0.450000 -0.497921
0.460000 -0.484831
0.470000 -0.469559
0.480000 -0.453197
0.490000 -0.435743
0.500000 -0.417199
0.510000 -0.398655
0.520000 -0.379020
0.530000 -0.359385
0.540000 -0.339750
0.550000 -0.319570
0.560000 -0.299935
0.570000 -0.279754
0.590000 -0.241030
0.600000 -0.222486
0.610000 -0.203942
0.620000 -0.185943
0.630000 -0.169035
0.640000 -0.152127
0.650000 -0.135765
0.660000 -0.120493
0.670000 -0.106312
0.680000 -0.092132
0.690000 -0.079041
0.700000 -0.066497
0.710000 -0.055043
0.720000 -0.044135
0.730000 -0.034317
0.740000 -0.025045
0.750000 -0.016319
0.760000 -0.008683
0.770000 -0.001593
0.780000 0.004952
0.790000 0.010952
0.800000 0.015861
0.810000 0.020770
0.820000 0.024587
0.830000 0.028405
0.840000 0.031678
0.850000 0.033859
0.860000 0.036587
0.870000 0.038223
0.880000 0.039314
0.890000 0.040950
0.900000 0.041495
0.910000 0.041495
0.930000 0.042041
0.940000 0.042041
0.950000 0.042041
0.960000 0.042041
0.970000 0.042041
0.980000 0.042041
0.990000 0.042041
1.000000 0.042041
1.010000 0.042041
1.020000 0.042041
1.030000 0.042041
1.040000 0.042041
1.050000 0.042041
1.060000 0.042041
1.070000 0.042041
1.080000 0.042041
1.090000 0.042041
1.100000 0.042041
1.110000 0.042041
1.120000 0.042041
1.130000 0.042041
1.140000 0.042041
1.150000 0.042041
1.160000 0.042041
1.170000 0.042041
1.180000 0.042041
1.190000 0.042041
1.200000 0.042041
1.210000 0.042041
1.220000 0.042041
1.230000 0.042041
1.240000 0.042041
1.250000 0.042041
1.260000 0.041495
1.270000 0.040950
1.285000 0.039859
1.295000 0.038768
1.305000 0.037677
1.315000 0.036041
1.325000 0.034950
1.335000 0.033314
1.345000 0.031678
1.355000 0.030587
1.365000 0.028951
1.375000 0.027860
1.385000 0.026224
1.395000 0.024587
1.405000 0.023497
1.415000 0.021860
1.425000 0.020224
1.435000 0.018588
1.445000 0.017497
1.455000 0.015861
1.465000 0.014225
1.475000 0.013134
1.485000 0.011497
1.495000 0.010406
1.505000 0.009316
1.515000 0.007679
1.525000 0.007134
1.535000 0.005498
1.545000 0.004952
1.555000 0.003862
1.565000 0.003316
1.575000 0.002771
1.585000 0.002225
1.595000 0.001680
1.605000 0.001135
1.615000 0.000589
1.625000 0.000044
1.635000 -0.000502
1.645000 -0.001047
1.655000 -0.001593
1.665000 -0.002138
1.675000 -0.002138
1.685000 -0.002683
1.695000 -0.002683
1.705000 -0.003229
1.715000 -0.003229
1.725000 -0.003774
1.735000 -0.003774
1.745000 -0.003774
1.755000 -0.003774
1.765000 -0.003774
1.775000 -0.004320
1.785000 -0.004320
1.795000 -0.004320
1.805000 -0.004320
1.815000 -0.004320
1.825000 -0.004320
1.835000 -0.004320
1.845000 -0.004320
1.855000 -0.004320
1.865000 -0.004320
1.875000 -0.004320
1.885000 -0.004320
1.895000 -0.004320
1.905000 -0.004320
1.915000 -0.004320
1.925000 -0.004320
1.935000 -0.004320
1.945000 -0.004320
1.955000 -0.004320
1.965000 -0.004320
1.975000 -0.004320
1.985000 -0.004320
1.995000 -0.004320
2.005000 -0.004320
