0.000000 0.000000
0.010000 12.000000
0.020000 12.000000
0.030000 12.000000
0.040000 12.000000
0.050000 12.000000
0.060000 12.000000
0.090000 9.171774
0.100000 8.626326
0.110000 7.927792
0.120000 7.278828
0.130000 6.690751
0.140000 6.268017
0.150000 5.856891
0.160000 5.457207
0.170000 4.995638
0.180000 4.651375
0.190000 4.437580
0.200000 4.082044
0.210000 3.869825
0.220000 3.515548
0.230000 3.203870
0.250000 2.596440
0.260000 2.210387
0.270000 1.952184
0.280000 1.640084
0.290000 1.370882
0.300000 1.135258
0.310000 0.949818
0.320000 0.705643
0.330000 0.505025
0.340000 0.344692
0.350000 0.220739
0.360000 -0.043444
0.370000 -0.186428
0.380000 -0.392151
0.390000 -0.665601
0.400000 -0.832970
0.410000 -0.979576
0.420000 -1.091071
0.430000 -1.172263
0.440000 -1.314620
0.450000 -1.251370
0.460000 -1.426196
0.470000 -1.393044
0.480000 -1.336725
0.490000 -1.429039
0.500000 -1.323872
0.510000 -1.465477
0.520000 -1.408613
0.530000 -1.425118
0.540000 -1.428508
0.550000 -1.325851
0.560000 -1.389130
0.570000 -1.346140
0.580000 -1.389269
0.590000 -1.240265
0.600000 -1.264189
0.610000 -1.189278
0.620000 -1.108646
0.630000 -1.201890
0.640000 -1.110947
0.650000 -1.015335
0.660000 -1.008390
0.670000 -1.004429
0.680000 -0.904512
0.690000 -0.894715
0.700000 -0.796434
0.710000 -0.789328
0.720000 -0.781056
0.730000 -0.778686
0.740000 -0.776239
0.750000 -0.687779
0.760000 -0.693123
0.770000 -0.613548
0.780000 -0.622166
0.790000 -0.632933
0.800000 -0.652804
0.810000 -0.582947
0.820000 -0.609448
0.830000 -0.546951
0.840000 -0.488491
0.850000 -0.527518
0.860000 -0.471937
0.870000 -0.427864
0.880000 -0.475670
0.890000 -0.429556
0.900000 -0.395717
0.910000 -0.454484
0.920000 -0.333835
0.930000 -0.392200
0.940000 -0.364117
0.950000 -0.336034
0.960000 -0.307951
0.970000 -0.279868
0.980000 -0.251785
0.990000 -0.223702
1.000000 -0.195619
1.010000 -0.167536
1.020000 -0.139452
1.030000 -0.111369
1.040000 -0.083286
1.050000 -0.055203
1.060000 -0.027120
1.070000 0.000963
1.080000 0.029046
1.090000 0.057129
1.100000 0.085212
1.110000 0.113296
1.120000 0.141379
1.130000 0.169462
1.140000 0.197545
1.150000 0.225628
1.160000 0.253711
1.170000 0.281794
1.180000 0.309877
1.190000 0.337960
1.205000 0.380085
1.215000 0.408168
1.225000 0.436251
1.235000 0.464334
1.245000 0.492418
1.255000 0.427571
1.265000 0.541738
1.275000 0.469820
1.285000 0.576632
1.295000 0.503662
1.305000 0.516370
1.315000 0.521724
1.325000 0.532651
1.335000 0.536184
1.345000 0.452319
1.355000 0.546818
1.365000 0.547435
1.375000 0.553664
1.385000 0.552422
1.395000 0.463858
1.405000 0.553621
1.415000 0.549502
1.425000 0.457986
1.435000 0.451863
1.445000 0.537618
1.455000 0.443187
1.465000 0.434150
1.475000 0.516990
1.485000 0.419645
1.495000 0.500622
1.505000 0.494426
1.515000 0.480834
1.525000 0.479520
1.535000 0.464471
1.545000 0.461621
1.555000 0.451819
1.565000 0.447877
1.575000 0.443608
1.585000 0.525281
1.595000 0.520101
1.605000 0.428293
1.615000 0.508833
1.625000 0.502560
1.635000 0.495925
1.645000 0.488923
1.655000 0.481557
1.665000 0.387564
1.675000 0.472584
1.685000 0.464489
1.695000 0.462697
1.705000 0.454238
1.715000 0.452081
1.725000 0.356994
1.735000 0.440921
1.745000 0.438400
1.755000 0.435879
1.765000 0.433358
1.775000 0.424170
1.785000 0.421284
1.795000 0.418399
1.805000 0.415513
1.815000 0.412628
1.825000 0.409742
1.835000 0.406857
1.845000 0.403971
1.855000 0.401086
1.865000 0.398200
1.875000 0.395315
1.885000 0.392429
1.895000 0.389543
1.905000 0.386658
1.915000 0.383772
1.925000 0.380887
1.935000 0.378001
1.945000 0.375116
1.955000 0.372230
1.965000 0.369345
1.975000 0.366459
1.985000 0.363574
1.995000 0.360688
2.005000 0.357803
