0.000000 0.000000
0.000000 0.000000
0.000000 0.000000
0.000000 0.000000
0.000000 0.000000
0.000000 3.140000
0.010000 3.140000
0.020000 3.140000
0.030000 3.140000
0.040000 3.140000
0.050000 3.140000
0.060000 3.140000
0.070000 3.140000
0.080000 3.140000
0.090000 3.140000
0.100000 3.140000
0.110000 3.140000
0.120000 3.140000
0.130000 3.140000
0.140000 3.140000
0.150000 3.140000
0.160000 3.140000
0.170000 3.140000
0.180000 3.140000
0.190000 3.140000
0.200000 3.140000
0.210000 3.140000
0.220000 3.140000
0.230000 3.140000
0.240000 3.140000
0.250000 3.140000
0.260000 3.140000
0.270000 3.140000
0.280000 3.140000
0.290000 3.140000
0.300000 3.140000
0.310000 3.140000
0.320000 3.140000
0.330000 3.140000
0.340000 3.140000
0.350000 3.140000
0.360000 3.140000
0.370000 3.140000
0.380000 3.140000
0.390000 3.140000
0.400000 3.140000
0.410000 3.140000
0.420000 3.140000
0.430000 3.140000
0.440000 3.140000
0.450000 3.140000
0.460000 3.140000
0.470000 3.140000
0.480000 3.140000
0.490000 3.140000
0.500000 3.140000
0.510000 3.140000
0.520000 3.140000
0.530000 3.140000
0.540000 3.140000
0.550000 3.140000
0.560000 3.140000
0.570000 3.140000
0.580000 3.140000
0.590000 3.140000
0.600000 3.140000
0.610000 3.140000
0.620000 3.140000
0.630000 3.140000
0.640000 3.140000
0.650000 3.140000
0.660000 3.140000
0.670000 3.140000
0.680000 3.140000
0.690000 3.140000
0.700000 3.140000
0.710000 3.140000
0.720000 3.140000
0.730000 3.140000
0.740000 3.140000
0.750000 3.140000
0.760000 3.140000
0.770000 3.140000
0.780000 3.140000
0.790000 3.140000
0.800000 3.140000
0.810000 3.140000
0.820000 3.140000
0.830000 3.140000
0.840000 3.140000
0.850000 3.140000
0.860000 3.140000
0.870000 3.140000
0.880000 3.140000
0.890000 3.140000
0.900000 3.140000
0.910000 3.140000
0.920000 3.140000
0.930000 3.140000
0.940000 3.140000
0.950000 3.140000
0.960000 3.140000
0.970000 3.140000
0.980000 3.140000
0.990000 3.140000
1.000000 3.140000
1.010000 3.140000
1.020000 3.140000
1.030000 3.140000
1.040000 3.140000
1.050000 3.140000
1.060000 3.140000
1.070000 3.140000
1.080000 3.140000
1.090000 3.140000
1.100000 3.140000
1.110000 3.140000
1.120000 3.140000
1.130000 3.140000
1.140000 3.140000
1.150000 3.140000
1.160000 3.140000
1.170000 3.140000
1.180000 3.140000
1.190000 3.140000
1.200000 3.140000
1.210000 3.140000
1.220000 3.140000
1.230000 3.140000
1.240000 3.140000
1.250000 3.140000
1.260000 3.140000
1.275000 3.140000
1.285000 3.140000
1.295000 3.140000
1.305000 3.140000
1.315000 3.140000
1.325000 3.140000
1.335000 3.140000
1.345000 3.140000
1.355000 3.140000
1.365000 3.140000
1.375000 3.140000
1.385000 3.140000
1.395000 3.140000
1.405000 3.140000
1.415000 3.140000
1.425000 3.140000
1.435000 3.140000
1.445000 3.140000
1.455000 3.140000
1.465000 3.140000
1.475000 3.140000
1.485000 3.140000
1.495000 3.140000
1.505000 3.140000
1.515000 3.140000
1.525000 3.140000
1.535000 3.140000
1.545000 3.140000
1.555000 3.140000
1.565000 3.140000
1.575000 3.140000
1.585000 3.140000
1.595000 3.140000
1.605000 3.140000
1.615000 3.140000
1.625000 3.140000
1.635000 3.140000
1.645000 3.140000
1.655000 3.140000
1.665000 3.140000
1.675000 3.140000
1.685000 3.140000
1.695000 3.140000
1.705000 3.140000
1.715000 3.140000
1.725000 3.140000
1.735000 3.140000
1.745000 3.140000
1.755000 3.140000
1.765000 3.140000
1.775000 3.140000
1.785000 3.140000
1.795000 3.140000
1.805000 3.140000
1.815000 3.140000
1.825000 3.140000
1.835000 3.140000
1.845000 3.140000
1.855000 3.140000
1.865000 3.140000
1.875000 3.140000
1.885000 3.140000
1.895000 3.140000
1.905000 3.140000
1.915000 3.140000
1.925000 3.140000
1.935000 3.140000
1.945000 3.140000
1.955000 3.140000
