0.000000 0.000000
0.000000 0.000000
0.000000 0.000000
0.000000 0.000000
0.000000 0.000000
0.000000 3.140000
0.010000 3.105093
0.020000 3.008555
0.030000 2.872746
0.040000 2.715667
0.050000 2.546588
0.060000 2.370965
0.070000 2.192614
0.080000 2.014808
0.090000 1.839184
0.100000 1.666833
0.110000 1.499391
0.120000 1.336857
0.130000 1.179777
0.140000 1.029243
0.150000 0.884707
0.160000 0.747263
0.170000 0.616909
0.180000 0.493645
0.190000 0.376926
0.200000 0.267297
0.210000 0.163668
0.220000 0.066584
0.230000 -0.023955
0.240000 -0.109039
0.250000 -0.187579
0.260000 -0.261210
0.270000 -0.328296
0.280000 -0.390474
0.290000 -0.447742
0.300000 -0.499557
0.310000 -0.546463
0.320000 -0.588459
0.330000 -0.626093
0.340000 -0.659364
0.350000 -0.688816
0.360000 -0.713905
0.370000 -0.735722
0.380000 -0.753720
0.390000 -0.767901
0.400000 -0.777719
0.410000 -0.784809
0.420000 -0.788627
0.430000 -0.790809
0.440000 -0.790809
0.450000 -0.790809
0.460000 -0.790809
0.470000 -0.789718
0.480000 -0.787536
0.490000 -0.783718
0.500000 -0.777719
0.510000 -0.770083
0.520000 -0.761356
0.530000 -0.750448
0.540000 -0.737903
0.550000 -0.724268
0.560000 -0.708996
0.570000 -0.692088
0.580000 -0.674635
0.590000 -0.656091
0.600000 -0.636456
0.610000 -0.616276
0.620000 -0.595005
0.630000 -0.573188
0.640000 -0.550826
0.650000 -0.528464
0.660000 -0.505556
0.670000 -0.482104
0.680000 -0.459196
0.690000 -0.436289
0.700000 -0.413381
0.710000 -0.390474
0.720000 -0.368112
0.730000 -0.346295
0.740000 -0.324478
0.750000 -0.303207
0.760000 -0.282481
0.770000 -0.262301
0.780000 -0.242121
0.790000 -0.223031
0.800000 -0.204487
0.810000 -0.186488
0.820000 -0.169035
0.830000 -0.152127
0.840000 -0.135765
0.850000 -0.121038
0.860000 -0.106312
0.870000 -0.092677
0.880000 -0.079587
0.890000 -0.067588
0.900000 -0.056134
0.910000 -0.045226
0.920000 -0.035408
0.930000 -0.025591
0.940000 -0.016319
0.950000 -0.008137
0.960000 -0.000502
0.970000 0.006589
0.980000 0.013679
0.990000 0.019679
1.000000 0.025133
1.010000 0.030041
1.020000 0.034405
1.030000 0.038768
1.040000 0.042041
1.050000 0.045313
1.060000 0.048040
1.070000 0.050767
1.080000 0.052404
1.090000 0.054040
1.100000 0.055131
1.110000 0.056221
1.120000 0.056767
1.130000 0.056767
1.140000 0.056767
1.150000 0.056767
1.160000 0.056767
1.170000 0.056767
1.180000 0.056767
1.190000 0.056767
1.200000 0.056767
1.210000 0.056767
1.220000 0.056767
1.235000 0.056767
1.245000 0.056767
1.255000 0.056767
1.265000 0.056767
1.275000 0.056767
1.285000 0.056767
1.295000 0.056767
1.305000 0.056767
1.315000 0.056767
1.325000 0.056767
1.335000 0.056767
1.345000 0.056767
1.355000 0.056767
1.365000 0.056767
1.375000 0.056767
1.385000 0.056767
1.395000 0.056767
1.405000 0.056767
1.415000 0.056767
1.425000 0.056767
1.435000 0.056767
1.445000 0.056767
1.455000 0.056767
1.465000 0.056767
1.475000 0.056767
1.485000 0.056767
1.495000 0.056767
1.505000 0.056767
1.515000 0.056767
1.525000 0.056767
1.535000 0.056767
1.545000 0.056767
1.555000 0.056767
1.565000 0.056767
1.575000 0.056767
1.585000 0.056767
1.595000 0.056767
1.605000 0.056767
1.615000 0.056767
1.625000 0.056767
1.635000 0.056767
1.645000 0.056767
1.655000 0.056767
1.665000 0.056767
1.675000 0.056767
1.685000 0.056767
1.695000 0.056767
1.705000 0.056767
1.715000 0.056767
1.725000 0.056767
1.735000 0.056767
1.745000 0.056767
1.755000 0.056767
1.765000 0.056767
1.775000 0.056767
1.785000 0.056767
1.795000 0.056767
1.805000 0.056767
1.815000 0.056767
1.825000 0.056767
1.835000 0.056767
1.845000 0.056767
1.855000 0.056767
1.865000 0.056767
1.875000 0.056767
1.885000 0.056767
1.895000 0.056767
1.905000 0.056767
1.915000 0.056767
1.925000 0.056767
1.935000 0.056767
1.945000 0.056767
1.955000 0.056767
