0.000000 0.000000
0.000000 0.000000
0.000000 0.000000
0.000000 0.000000
0.000000 0.000000
0.000000 0.000000
0.010000 0.047997
0.020000 0.153262
0.030000 0.293433
0.040000 0.453786
0.050000 0.625046
0.060000 0.801761
0.070000 0.980657
0.080000 1.158462
0.090000 1.334086
0.100000 1.506437
0.110000 1.673334
0.120000 1.835323
0.130000 1.991312
0.140000 2.141301
0.150000 2.284200
0.160000 2.420553
0.180000 2.671990
0.190000 2.787618
0.200000 2.896156
0.210000 2.998148
0.220000 3.094141
0.230000 3.183590
0.240000 3.267584
0.250000 3.345033
0.260000 3.417573
0.270000 3.483568
0.280000 3.544655
0.290000 3.600287
0.300000 3.651556
0.310000 3.697371
0.320000 3.738277
0.330000 3.774820
0.350000 3.835361
0.360000 3.859905
0.370000 3.880630
0.380000 3.897538
0.390000 3.910628
0.400000 3.919900
0.410000 3.925900
0.420000 3.929718
0.430000 3.930809
0.440000 3.930809
0.450000 3.930809
0.460000 3.930809
0.470000 3.929173
0.480000 3.926445
0.490000 3.922082
0.500000 3.915537
0.510000 3.907901
0.520000 3.898084
0.530000 3.886630
0.540000 3.874085
0.550000 3.859359
0.560000 3.844088
0.570000 3.827180
0.580000 3.808636
0.590000 3.789546
0.600000 3.769911
0.610000 3.749185
0.620000 3.727914
0.630000 3.706098
0.640000 3.683736
0.650000 3.660828
0.660000 3.637921
0.670000 3.614468
0.680000 3.591560
0.690000 3.568108
0.700000 3.545200
0.710000 3.522838
0.720000 3.500476
0.730000 3.478659
0.740000 3.456843
0.750000 3.435571
0.760000 3.414846
0.770000 3.394665
0.780000 3.375031
0.790000 3.355941
0.800000 3.337397
0.810000 3.319943
0.820000 3.302490
0.830000 3.286128
0.840000 3.270311
0.850000 3.255039
0.860000 3.240858
0.870000 3.227768
0.880000 3.215224
0.890000 3.203225
0.900000 3.191771
0.910000 3.181408
0.920000 3.171045
0.930000 3.161773
0.940000 3.153046
0.950000 3.144865
0.960000 3.137229
0.970000 3.130139
0.980000 3.124139
0.990000 3.118140
1.000000 3.112686
1.010000 3.107777
1.020000 3.103414
1.030000 3.099596
1.040000 3.096323
1.050000 3.093051
1.060000 3.090869
1.070000 3.088687
1.080000 3.087051
1.090000 3.085415
1.100000 3.084324
1.110000 3.083779
1.120000 3.083233
1.130000 3.083233
1.140000 3.083233
1.150000 3.083233
1.160000 3.083233
1.170000 3.083233
1.180000 3.083233
1.190000 3.083233
1.200000 3.083233
1.210000 3.083233
1.220000 3.083233
1.230000 3.083233
1.240000 3.083233
1.250000 3.083233
1.260000 3.083233
1.270000 3.083233
1.280000 3.083233
1.290000 3.083233
1.300000 3.083233
1.315000 3.083233
1.325000 3.083233
1.335000 3.083233
1.345000 3.083233
1.355000 3.083233
1.365000 3.083233
1.375000 3.083233
1.385000 3.083233
1.395000 3.083233
1.405000 3.083233
1.415000 3.083233
1.425000 3.083233
1.435000 3.083233
1.445000 3.083233
1.455000 3.083233
1.465000 3.083233
1.475000 3.083233
1.485000 3.083233
1.495000 3.083233
1.505000 3.083233
1.515000 3.083233
1.525000 3.083233
1.535000 3.083233
1.545000 3.083233
1.555000 3.083233
1.565000 3.083233
1.575000 3.083233
1.585000 3.083233
1.595000 3.083233
1.605000 3.083233
1.615000 3.083233
1.625000 3.083233
1.635000 3.083233
1.645000 3.083233
1.655000 3.083233
1.665000 3.083233
1.675000 3.083233
1.685000 3.083233
1.695000 3.083233
1.705000 3.083233
1.715000 3.083233
1.725000 3.083233
1.735000 3.083233
1.745000 3.083233
1.755000 3.083233
1.765000 3.083233
1.775000 3.083233
1.785000 3.083233
1.795000 3.083233
1.805000 3.083233
1.815000 3.083233
1.825000 3.083233
1.835000 3.083233
1.845000 3.083233
1.855000 3.083233
1.865000 3.083233
1.875000 3.083233
1.885000 3.083233
1.895000 3.083233
1.905000 3.083233
1.915000 3.083233
1.925000 3.083233
1.935000 3.083233
1.945000 3.083233
1.955000 3.083233
