0.000000 0.000000
0.000000 0.000000
0.000000 0.000000
0.000000 0.000000
0.000000 0.000000
0.000000 12.000000
0.010000 12.000000
0.020000 11.824231
0.030000 11.433284
0.040000 11.078629
0.050000 10.731207
0.060000 10.368926
0.070000 9.996277
0.080000 9.626949
0.090000 9.257208
0.100000 8.870384
0.110000 8.495953
0.120000 8.112967
0.130000 7.724680
0.140000 7.347712
0.150000 6.959059
0.160000 6.597207
0.170000 6.230727
0.180000 5.882659
0.190000 5.519230
0.200000 5.187559
0.210000 4.840570
0.220000 4.514412
0.230000 4.199330
0.240000 3.880865
0.250000 3.586525
0.260000 3.288540
0.270000 3.016719
0.280000 2.732443
0.290000 2.469249
0.300000 2.208632
0.310000 1.970953
0.320000 1.735313
0.330000 1.511101
0.340000 1.299103
0.350000 1.097705
0.360000 0.909967
0.370000 0.721036
0.380000 0.544791
0.390000 0.392771
0.400000 0.257142
0.410000 0.109778
0.420000 -0.013751
0.430000 -0.152673
0.440000 -0.271611
0.450000 -0.412375
0.460000 -0.553139
0.470000 -0.678262
0.480000 -0.787605
0.490000 -0.900352
0.500000 -0.992057
0.510000 -1.086493
0.520000 -1.174837
0.530000 -1.241266
0.540000 -1.298681
0.550000 -1.360055
0.560000 -1.411882
0.570000 -1.443015
0.580000 -1.479708
0.590000 -1.519432
0.600000 -1.540215
0.610000 -1.566033
0.620000 -1.561754
0.630000 -1.573117
0.640000 -1.567355
0.650000 -1.568521
0.660000 -1.563313
0.670000 -1.540785
0.680000 -1.538243
0.690000 -1.520710
0.700000 -1.499095
0.710000 -1.473407
0.720000 -1.456895
0.730000 -1.427877
0.740000 -1.394975
0.750000 -1.371438
0.760000 -1.335598
0.770000 -1.309318
0.780000 -1.268531
0.790000 -1.228929
0.800000 -1.199176
0.810000 -1.168466
0.820000 -1.136887
0.830000 -1.093686
0.840000 -1.049858
0.850000 -1.032000
0.860000 -0.989710
0.870000 -0.960428
0.880000 -0.920200
0.890000 -0.893281
0.900000 -0.855701
0.910000 -0.829336
0.920000 -0.805750
0.930000 -0.769514
0.940000 -0.733908
0.950000 -0.712296
0.960000 -0.691564
0.970000 -0.671816
0.980000 -0.639893
0.990000 -0.611483
1.000000 -0.595253
1.010000 -0.569537
1.020000 -0.556195
1.030000 -0.531156
1.040000 -0.520988
1.050000 -0.499324
1.060000 -0.490329
1.070000 -0.469930
1.080000 -0.453827
1.090000 -0.448304
1.100000 -0.433952
1.110000 -0.419412
1.120000 -0.407065
1.130000 -0.407874
1.140000 -0.397769
1.150000 -0.387664
1.165000 -0.372508
1.175000 -0.362403
1.185000 -0.352299
1.195000 -0.342194
1.205000 -0.332090
1.215000 -0.321985
1.225000 -0.311881
1.235000 -0.301776
1.245000 -0.291672
1.255000 -0.281567
1.265000 -0.271462
1.275000 -0.261358
1.285000 -0.251253
1.295000 -0.241149
1.305000 -0.231044
1.315000 -0.220940
1.325000 -0.210835
1.335000 -0.200731
1.345000 -0.190626
1.355000 -0.180522
1.365000 -0.170417
1.375000 -0.160313
1.385000 -0.150208
1.395000 -0.140104
1.405000 -0.129999
1.415000 -0.119895
1.425000 -0.109790
1.435000 -0.099686
1.445000 -0.089581
1.455000 -0.079476
1.465000 -0.069372
1.475000 -0.059267
1.485000 -0.049163
1.495000 -0.039058
1.505000 -0.028954
1.515000 -0.018849
1.525000 -0.008745
1.535000 0.001360
1.545000 0.011464
1.555000 0.021569
1.565000 0.031673
1.575000 0.041778
1.585000 0.051882
1.595000 0.061987
1.605000 0.072091
1.615000 0.082196
1.625000 0.092300
1.635000 0.102405
1.645000 0.112509
1.655000 0.122614
1.665000 0.132719
1.675000 0.142823
1.685000 0.152928
1.695000 0.163032
1.705000 0.173137
1.715000 0.183241
1.725000 0.193346
1.735000 0.203450
1.745000 0.213555
1.755000 0.223659
1.765000 0.233764
1.775000 0.243868
1.785000 0.253973
1.795000 0.264077
1.805000 0.274182
1.815000 0.284286
1.825000 0.294391
1.835000 0.304495
1.845000 0.314600
1.855000 0.324704
1.865000 0.334809
1.875000 0.344914
1.885000 0.355018
1.895000 0.365123
1.905000 0.375227
1.915000 0.385332
1.925000 0.395436
1.935000 0.405541
1.945000 0.415645
1.955000 0.425750
