0.000000 0.000000
0.010000 3.118729
0.020000 3.033099
0.030000 2.903835
0.040000 2.747301
0.050000 2.571677
0.060000 2.384600
0.070000 2.189887
0.090000 1.786279
0.100000 1.580657
0.110000 1.372854
0.120000 1.163960
0.130000 0.954521
0.140000 0.743990
0.150000 0.533460
0.160000 0.322930
0.170000 0.111854
0.180000 -0.099222
0.190000 -0.306480
0.200000 -0.447742
0.210000 -0.480467
0.220000 -0.447742
0.230000 -0.370293
0.240000 -0.279754
0.250000 -0.169580
0.260000 -0.069769
0.270000 -0.001593
0.280000 0.039314
0.290000 0.057858
0.300000 0.057858
0.310000 0.048040
0.320000 0.033859
0.330000 0.018588
0.340000 0.006589
0.350000 -0.002683
0.360000 -0.007592
0.370000 -0.010319
0.380000 -0.009774
0.390000 -0.009228
0.400000 -0.006501
0.410000 -0.003229
0.420000 -0.001593
0.430000 0.000044
0.440000 0.001680
0.450000 0.001680
0.460000 0.001680
0.470000 0.001680
0.480000 0.001680
0.490000 0.001680
0.500000 0.001680
0.510000 0.001680
0.520000 0.001680
0.530000 0.001680
0.540000 0.001680
0.550000 0.001680
0.560000 0.001135
0.570000 0.000589
0.580000 0.000589
0.590000 -0.000502
0.600000 -0.000502
0.610000 -0.000502
0.620000 -0.000502
0.630000 -0.000502
0.640000 -0.000502
0.660000 -0.000502
0.670000 -0.000502
0.680000 -0.000502
0.690000 -0.000502
0.700000 -0.000502
0.710000 -0.000502
0.720000 -0.000502
0.730000 -0.000502
0.740000 -0.000502
0.750000 -0.000502
0.760000 -0.000502
0.770000 -0.000502
0.780000 -0.000502
0.790000 -0.000502
0.800000 -0.000502
0.810000 -0.000502
0.820000 -0.000502
0.830000 -0.000502
0.840000 -0.000502
0.850000 -0.000502
0.860000 -0.000502
0.870000 -0.000502
0.880000 -0.000502
0.890000 -0.000502
0.900000 -0.000502
0.910000 -0.000502
0.920000 -0.000502
0.930000 -0.000502
0.940000 0.000044
0.950000 0.000589
0.960000 0.000589
0.970000 0.000589
0.980000 0.000589
0.990000 0.000589
1.000000 0.000589
1.010000 0.000589
1.020000 0.000589
1.030000 0.000589
1.040000 0.000589
1.050000 0.000589
1.060000 0.000589
1.070000 0.000589
1.080000 0.000589
1.090000 0.000589
1.100000 0.000589
1.110000 0.000589
1.120000 0.000589
1.130000 0.000589
1.140000 0.000589
1.150000 0.000589
1.160000 0.000589
1.170000 0.000589
1.180000 0.000589
1.190000 0.000589
1.200000 0.000589
1.210000 0.000589
1.230000 0.000589
1.240000 0.000044
1.250000 -0.000502
1.260000 -0.000502
1.270000 -0.000502
1.285000 -0.000502
1.295000 -0.000502
1.305000 -0.000502
1.315000 -0.000502
1.325000 -0.000502
1.335000 -0.000502
1.345000 -0.000502
1.355000 -0.000502
1.365000 -0.000502
1.375000 -0.000502
1.385000 -0.000502
1.395000 -0.000502
1.405000 -0.000502
1.415000 -0.000502
1.425000 -0.000502
1.435000 -0.000502
1.445000 -0.000502
1.455000 -0.000502
1.465000 -0.000502
1.475000 -0.000502
1.485000 -0.000502
1.495000 -0.000502
1.505000 -0.000502
1.515000 -0.000502
1.525000 -0.000502
1.535000 -0.000502
1.545000 -0.000502
1.555000 -0.000502
1.565000 -0.000502
1.575000 -0.000502
1.585000 -0.000502
1.595000 0.000044
1.605000 0.000044
1.615000 0.000044
1.625000 0.000044
1.635000 0.000044
1.645000 0.000044
1.655000 0.000044
1.665000 0.000044
1.675000 0.000044
1.685000 0.000044
1.695000 0.000044
1.705000 0.000044
1.715000 0.000044
1.725000 0.000044
1.735000 0.000044
1.745000 0.000044
1.755000 0.000044
1.765000 0.000044
1.775000 0.000044
1.785000 0.000044
1.795000 0.000044
1.805000 0.000044
1.815000 0.000044
1.825000 0.000044
1.835000 0.000044
1.845000 0.000044
1.855000 0.000044
1.865000 0.000044
1.875000 0.000044
1.885000 0.000044
1.895000 0.000044
1.905000 0.000044
1.915000 0.000044
1.925000 0.000044
1.935000 0.000044
1.945000 0.000044
1.955000 0.000044
1.965000 0.000044
1.975000 0.000044
1.985000 0.000044
1.995000 0.000044
2.005000 0.000044
