0.000000 0.000000
0.010000 441.364258
0.020000 418.658386
0.030000 395.322510
0.040000 371.930969
0.050000 347.869324
0.060000 323.585938
0.070000 299.305267
0.090000 250.200562
0.100000 225.536789
0.110000 200.616104
0.120000 175.792389
0.130000 151.129898
0.140000 126.113342
0.150000 101.322449
0.160000 76.531464
0.170000 51.676231
0.180000 24.004189
0.190000 -12.168510
0.200000 -9.869102
0.210000 -4.532856
0.220000 -14.464779
0.230000 -5.774391
0.240000 -9.161741
0.250000 -2.906768
0.260000 0.145271
0.270000 0.319308
0.280000 1.760816
0.290000 2.062297
0.300000 1.746107
0.310000 1.452853
0.320000 1.074837
0.330000 0.446864
0.340000 0.422155
0.350000 -0.245113
0.360000 -0.261187
0.370000 -0.641961
0.380000 -0.426280
0.390000 -0.858451
0.400000 -0.468745
0.410000 -0.294901
0.420000 -0.650429
0.430000 -0.258522
0.440000 -0.217773
0.450000 -0.355364
0.460000 -0.267617
0.470000 -0.179869
0.480000 -0.092121
0.490000 -0.004373
0.500000 0.083374
0.510000 0.171122
0.520000 0.258870
0.530000 0.346618
0.540000 0.434365
0.550000 0.522113
0.560000 0.306074
0.570000 0.497950
0.580000 0.528723
0.590000 0.162979
0.600000 0.362116
0.610000 0.335913
0.620000 0.309711
0.630000 0.283509
0.640000 0.257307
0.650000 0.231104
0.660000 0.204902
0.670000 0.178700
0.680000 0.152497
0.690000 0.126295
0.700000 0.100093
0.710000 0.073891
0.720000 0.047688
0.730000 0.021486
0.740000 -0.004716
0.750000 -0.030918
0.760000 -0.057121
0.770000 -0.083323
0.780000 -0.109525
0.790000 -0.135728
0.800000 -0.161930
0.810000 -0.188132
0.820000 -0.214334
0.830000 -0.240537
0.840000 -0.266739
0.850000 -0.292941
0.860000 -0.319144
0.870000 -0.345346
0.880000 -0.371548
0.890000 -0.397750
0.900000 -0.423953
0.910000 -0.450155
0.920000 -0.476357
0.930000 -0.502560
0.940000 -0.224975
0.950000 -0.144115
0.960000 -0.338780
0.970000 -0.308007
0.980000 -0.277234
0.990000 -0.246461
1.000000 -0.215689
1.010000 -0.184916
1.020000 -0.154143
1.030000 -0.123370
1.040000 -0.092598
1.050000 -0.061825
1.060000 -0.031052
1.070000 -0.000279
1.080000 0.030493
1.090000 0.061266
1.100000 0.092039
1.110000 0.122811
1.120000 0.153584
1.130000 0.184357
1.140000 0.215130
1.150000 0.245902
1.160000 0.276675
1.170000 0.307448
1.180000 0.338221
1.190000 0.368993
1.200000 0.399766
1.210000 0.430539
1.220000 0.461312
1.230000 0.492084
1.245000 0.445514
1.255000 0.355104
1.265000 0.328902
1.275000 0.302700
1.285000 0.276498
1.295000 0.250295
1.305000 0.224093
1.315000 0.197891
1.325000 0.171688
1.335000 0.145486
1.345000 0.119284
1.355000 0.093082
1.365000 0.066879
1.375000 0.040677
1.385000 0.014475
1.395000 -0.011728
1.405000 -0.037930
1.415000 -0.064132
1.425000 -0.090334
1.435000 -0.116537
1.445000 -0.142739
1.455000 -0.168941
1.465000 -0.195144
1.475000 -0.221346
1.485000 -0.247548
1.495000 -0.273750
1.505000 -0.299953
1.515000 -0.326155
1.525000 -0.352357
1.535000 -0.378559
1.545000 -0.404762
1.555000 -0.430964
1.565000 -0.457166
1.575000 -0.483369
1.585000 -0.509571
1.595000 -0.443084
1.605000 -0.440805
1.615000 -0.438526
1.625000 -0.436247
1.635000 -0.433968
1.645000 -0.431689
1.655000 -0.429410
1.665000 -0.427131
1.675000 -0.424852
1.685000 -0.422573
1.695000 -0.420294
1.705000 -0.418015
1.715000 -0.415736
1.725000 -0.413457
1.735000 -0.411178
1.745000 -0.408899
1.755000 -0.406620
1.765000 -0.404341
1.775000 -0.402062
1.785000 -0.399783
1.795000 -0.397504
1.805000 -0.395225
1.815000 -0.392946
1.825000 -0.390667
1.835000 -0.388388
1.845000 -0.386109
1.855000 -0.383830
1.865000 -0.381551
1.875000 -0.379272
1.885000 -0.376993
1.895000 -0.374714
1.905000 -0.372435
1.915000 -0.370156
1.925000 -0.367877
1.935000 -0.365598
1.945000 -0.363319
1.955000 -0.361040
1.965000 -0.358761
1.975000 -0.356482
1.985000 -0.354203
1.995000 -0.351924
2.005000 -0.349645
