0.005000 0.017453
0.015000 0.099266
0.025000 0.226893
0.035000 0.382882
0.045000 0.558505
0.055000 0.745583
0.065000 0.940842
0.075000 1.139373
0.085000 1.336268
0.095000 1.528799
0.105000 1.715331
0.115000 1.895319
0.135000 2.225840
0.145000 2.373648
0.155000 2.508911
0.165000 2.632175
0.175000 2.743985
0.195000 2.933789
0.205000 3.013420
0.215000 3.083233
0.225000 3.144865
0.235000 3.198861
0.255000 3.291036
0.265000 3.329216
0.275000 3.363577
0.285000 3.393029
0.305000 3.441026
0.315000 3.460115
0.325000 3.476478
0.335000 3.489568
0.345000 3.499931
0.355000 3.507566
0.365000 3.513021
0.375000 3.515748
0.385000 3.517384
0.395000 3.517384
0.405000 3.517384
0.415000 3.517384
0.425000 3.517384
0.435000 3.517384
0.445000 3.517384
0.455000 3.517384
0.465000 3.516293
0.475000 3.514657
0.485000 3.512475
0.495000 3.509203
0.505000 3.504839
0.515000 3.499931
0.525000 3.493931
0.535000 3.486840
0.545000 3.479750
0.555000 3.471569
0.565000 3.462842
0.575000 3.454116
0.585000 3.444298
0.595000 3.434481
0.605000 3.424663
0.615000 3.414300
0.625000 3.403937
0.635000 3.393574
0.645000 3.383212
0.655000 3.373394
0.665000 3.363031
0.675000 3.353214
0.685000 3.343396
0.695000 3.333579
0.705000 3.324307
0.715000 3.315035
0.725000 3.306308
0.735000 3.297581
0.745000 3.289400
0.755000 3.281219
0.765000 3.273583
0.775000 3.266493
0.785000 3.259402
0.795000 3.252857
0.805000 3.246312
0.815000 3.239767
0.825000 3.234313
0.835000 3.228859
0.845000 3.223405
0.855000 3.217951
0.875000 3.209224
0.885000 3.204861
0.895000 3.200498
0.905000 3.196680
0.915000 3.192862
0.925000 3.189589
0.935000 3.186317
0.945000 3.183044
0.955000 3.179772
0.965000 3.177045
0.975000 3.173772
0.985000 3.171045
0.995000 3.168864
1.005000 3.166682
1.015000 3.163955
1.025000 3.162318
1.035000 3.160137
1.045000 3.158500
1.055000 3.156864
1.065000 3.155228
1.075000 3.153592
1.085000 3.152501
1.095000 3.151410
1.105000 3.150319
1.115000 3.149229
1.125000 3.148138
1.135000 3.147592
1.145000 3.146501
1.155000 3.145411
1.165000 3.144865
1.175000 3.143774
1.185000 3.143229
1.195000 3.142684
1.205000 3.142138
1.215000 3.141593
1.225000 3.141047
1.235000 3.141047
1.245000 3.140502
1.255000 3.139956
1.265000 3.139411
1.275000 3.139411
1.285000 3.139411
1.295000 3.138865
1.305000 3.138865
1.315000 3.138865
1.325000 3.138320
1.335000 3.138320
1.345000 3.138320
1.355000 3.137775
1.370000 3.137775
1.380000 3.137775
1.400000 3.137775
1.410000 3.137775
1.420000 3.137775
1.430000 3.137775
1.440000 3.137775
1.450000 3.137775
1.460000 3.137775
1.470000 3.137775
1.480000 3.137775
1.490000 3.137775
1.500000 3.137775
1.510000 3.137775
1.520000 3.137775
1.530000 3.137775
1.540000 3.137775
1.550000 3.137775
1.560000 3.137775
1.570000 3.137775
1.580000 3.137775
1.590000 3.137775
1.600000 3.137775
1.610000 3.137775
1.620000 3.137775
1.630000 3.137775
1.640000 3.137775
1.650000 3.137775
1.660000 3.137775
1.670000 3.137775
1.680000 3.137775
1.690000 3.137775
1.700000 3.137775
1.710000 3.137775
1.720000 3.137775
1.730000 3.137775
1.740000 3.137775
1.750000 3.137775
1.760000 3.137775
1.770000 3.137775
1.790000 3.137775
1.800000 3.137775
1.810000 3.137775
1.820000 3.137775
1.830000 3.137775
1.840000 3.137775
1.850000 3.137775
1.860000 3.137775
1.870000 3.137775
1.880000 3.137775
1.890000 3.137775
1.900000 3.137775
1.910000 3.137775
1.920000 3.137775
1.930000 3.137775
1.940000 3.137775
1.960000 3.137775
1.970000 3.137775
1.980000 3.137775
1.990000 3.137775
2.000000 3.137775
2.010000 3.137775
