0.005000 3.129637
0.015000 3.057642
0.025000 2.936015
0.035000 2.784389
0.045000 2.612038
0.055000 2.426597
0.075000 2.034988
0.085000 1.838094
0.095000 1.645562
0.105000 1.457939
0.115000 1.277407
0.125000 1.105055
0.135000 0.943612
0.145000 0.793623
0.155000 0.656178
0.165000 0.531278
0.175000 0.417286
0.185000 0.315294
0.195000 0.223664
0.205000 0.142397
0.215000 0.070402
0.225000 0.007679
0.245000 -0.097586
0.255000 -0.141764
0.265000 -0.181034
0.275000 -0.215941
0.285000 -0.246484
0.295000 -0.273209
0.305000 -0.296117
0.315000 -0.316297
0.325000 -0.332660
0.335000 -0.346840
0.345000 -0.357749
0.355000 -0.365930
0.365000 -0.371930
0.375000 -0.375202
0.385000 -0.377384
0.395000 -0.377384
0.415000 -0.377384
0.425000 -0.377384
0.435000 -0.377384
0.445000 -0.377384
0.455000 -0.377384
0.465000 -0.376838
0.475000 -0.375202
0.485000 -0.373020
0.495000 -0.370293
0.505000 -0.365930
0.515000 -0.361021
0.525000 -0.355567
0.535000 -0.349022
0.545000 -0.341932
0.555000 -0.334296
0.565000 -0.325569
0.575000 -0.316843
0.585000 -0.307571
0.595000 -0.297753
0.605000 -0.287390
0.615000 -0.277573
0.625000 -0.267210
0.635000 -0.256847
0.645000 -0.246484
0.655000 -0.236121
0.665000 -0.226304
0.675000 -0.216486
0.685000 -0.206669
0.695000 -0.196851
0.705000 -0.187579
0.715000 -0.178307
0.725000 -0.169035
0.735000 -0.160308
0.745000 -0.152127
0.755000 -0.143946
0.765000 -0.136310
0.775000 -0.129220
0.785000 -0.122129
0.795000 -0.115039
0.815000 -0.101949
0.825000 -0.096495
0.835000 -0.090495
0.845000 -0.085041
0.855000 -0.080132
0.865000 -0.075224
0.875000 -0.070860
0.885000 -0.066497
0.895000 -0.062134
0.905000 -0.057770
0.915000 -0.054498
0.925000 -0.050680
0.935000 -0.047407
0.945000 -0.044680
0.955000 -0.040863
0.965000 -0.038135
0.985000 -0.032136
0.995000 -0.029954
1.005000 -0.027227
1.015000 -0.025045
1.025000 -0.022864
1.035000 -0.021228
1.045000 -0.019046
1.055000 -0.017410
1.065000 -0.015773
1.075000 -0.014137
1.085000 -0.013046
1.095000 -0.011955
1.105000 -0.010864
1.115000 -0.009774
1.125000 -0.008683
1.135000 -0.008137
1.145000 -0.007047
1.155000 -0.005956
1.165000 -0.004865
1.175000 -0.004320
1.185000 -0.003229
1.195000 -0.002683
1.205000 -0.002138
1.215000 -0.001593
1.225000 -0.001593
1.235000 -0.001047
1.245000 -0.000502
1.255000 0.000044
1.265000 0.000044
1.275000 0.000589
1.290000 0.000589
1.300000 0.001135
1.310000 0.001135
1.330000 0.001680
1.340000 0.001680
1.350000 0.001680
1.360000 0.002225
1.370000 0.002225
1.390000 0.002225
1.400000 0.002225
1.410000 0.002225
1.420000 0.002225
1.430000 0.002225
1.440000 0.002225
1.450000 0.002225
1.460000 0.002225
1.470000 0.002225
1.480000 0.002225
1.490000 0.002225
1.500000 0.002225
1.510000 0.002225
1.520000 0.002225
1.530000 0.002225
1.540000 0.002225
1.550000 0.002225
1.560000 0.002225
1.570000 0.002225
1.580000 0.002225
1.590000 0.002225
1.600000 0.002225
1.610000 0.002225
1.620000 0.002225
1.630000 0.002225
1.640000 0.002225
1.650000 0.002225
1.660000 0.002225
1.670000 0.002225
1.680000 0.002225
1.690000 0.002225
1.700000 0.002225
1.710000 0.002225
1.730000 0.002225
1.740000 0.002225
1.750000 0.002225
1.760000 0.002225
1.770000 0.002225
1.780000 0.002225
1.790000 0.002225
1.800000 0.002225
1.810000 0.002225
1.820000 0.002225
1.830000 0.002225
1.840000 0.002225
1.850000 0.002225
1.860000 0.002225
1.870000 0.002225
1.880000 0.002225
1.900000 0.002225
1.910000 0.002225
1.920000 0.002225
1.930000 0.002225
1.940000 0.002225
1.950000 0.002225
1.960000 0.002225
1.970000 0.002225
1.980000 0.002225
1.990000 0.002225
2.000000 0.002225
2.010000 0.002225
