0.005000 3.140000
0.015000 3.140000
0.025000 3.140000
0.035000 3.140000
0.045000 3.140000
0.055000 3.140000
0.065000 3.140000
0.075000 3.140000
0.085000 3.140000
0.095000 3.140000
0.105000 3.140000
0.115000 3.140000
0.135000 3.140000
0.145000 3.140000
0.155000 3.140000
0.165000 3.140000
0.175000 3.140000
0.185000 3.140000
0.195000 3.140000
0.205000 3.140000
0.215000 3.140000
0.225000 3.140000
0.235000 3.140000
0.245000 3.140000
0.255000 3.140000
0.265000 3.140000
0.275000 3.140000
0.285000 3.140000
0.305000 3.140000
0.315000 3.140000
0.325000 3.140000
0.335000 3.140000
0.345000 3.140000
0.355000 3.140000
0.365000 3.140000
0.375000 3.140000
0.385000 3.140000
0.395000 3.140000
0.405000 3.140000
0.415000 3.140000
0.425000 3.140000
0.435000 3.140000
0.445000 3.140000
0.455000 3.140000
0.475000 3.140000
0.485000 3.140000
0.495000 3.140000
0.505000 3.140000
0.515000 3.140000
0.525000 3.140000
0.535000 3.140000
0.545000 3.140000
0.555000 3.140000
0.565000 3.140000
0.575000 3.140000
0.585000 3.140000
0.595000 3.140000
0.605000 3.140000
0.615000 3.140000
0.625000 3.140000
0.635000 3.140000
0.645000 3.140000
0.655000 3.140000
0.665000 3.140000
0.675000 3.140000
0.685000 3.140000
0.695000 3.140000
0.705000 3.140000
0.715000 3.140000
0.725000 3.140000
0.735000 3.140000
0.745000 3.140000
0.755000 3.140000
0.765000 3.140000
0.775000 3.140000
0.785000 3.140000
0.795000 3.140000
0.815000 3.140000
0.825000 3.140000
0.835000 3.140000
0.845000 3.140000
0.855000 3.140000
0.865000 3.140000
0.875000 3.140000
0.885000 3.140000
0.895000 3.140000
0.905000 3.140000
0.915000 3.140000
0.925000 3.140000
0.935000 3.140000
0.945000 3.140000
0.955000 3.140000
0.965000 3.140000
0.975000 3.140000
0.985000 3.140000
0.995000 3.140000
1.005000 3.140000
1.015000 3.140000
1.025000 3.140000
1.035000 3.140000
1.045000 3.140000
1.055000 3.140000
1.065000 3.140000
1.075000 3.140000
1.085000 3.140000
1.095000 3.140000
1.105000 3.140000
1.115000 3.140000
1.125000 3.140000
1.135000 3.140000
1.145000 3.140000
1.155000 3.140000
1.165000 3.140000
1.175000 3.140000
1.185000 3.140000
1.195000 3.140000
1.205000 3.140000
1.215000 3.140000
1.225000 3.140000
1.235000 3.140000
1.245000 3.140000
1.255000 3.140000
1.265000 3.140000
1.275000 3.140000
1.285000 3.140000
1.295000 3.140000
1.305000 3.140000
1.315000 3.140000
1.330000 3.140000
1.340000 3.140000
1.350000 3.140000
1.360000 3.140000
1.370000 3.140000
1.390000 3.140000
1.400000 3.140000
1.410000 3.140000
1.420000 3.140000
1.430000 3.140000
1.440000 3.140000
1.450000 3.140000
1.460000 3.140000
1.470000 3.140000
1.480000 3.140000
1.490000 3.140000
1.500000 3.140000
1.510000 3.140000
1.520000 3.140000
1.530000 3.140000
1.540000 3.140000
1.550000 3.140000
1.560000 3.140000
1.570000 3.140000
1.580000 3.140000
1.590000 3.140000
1.600000 3.140000
1.610000 3.140000
1.620000 3.140000
1.630000 3.140000
1.640000 3.140000
1.650000 3.140000
1.660000 3.140000
1.670000 3.140000
1.680000 3.140000
1.690000 3.140000
1.700000 3.140000
1.710000 3.140000
1.730000 3.140000
1.740000 3.140000
1.750000 3.140000
1.760000 3.140000
1.770000 3.140000
1.780000 3.140000
1.790000 3.140000
1.800000 3.140000
1.810000 3.140000
1.820000 3.140000
1.830000 3.140000
1.840000 3.140000
1.850000 3.140000
1.860000 3.140000
1.870000 3.140000
1.880000 3.140000
1.890000 3.140000
1.900000 3.140000
1.910000 3.140000
1.920000 3.140000
1.930000 3.140000
1.940000 3.140000
1.960000 3.140000
1.970000 3.140000
1.980000 3.140000
1.990000 3.140000
2.000000 3.140000
2.010000 3.140000
