0.015000 21.036911
0.025000 18.851080
0.035000 16.912600
0.045000 15.101863
0.055000 13.350156
0.065000 11.663048
0.075000 10.628089
0.085000 9.706611
0.095000 8.829530
0.105000 8.002145
0.115000 7.179612
0.125000 6.435488
0.135000 5.824760
0.145000 5.259729
0.155000 4.752021
0.165000 4.304998
0.185000 3.544605
0.195000 3.201554
0.205000 2.946059
0.215000 2.677636
0.225000 2.493539
0.245000 1.980818
0.255000 1.769451
0.265000 1.584354
0.275000 1.391036
0.285000 1.222241
0.295000 1.074908
0.305000 0.918471
0.315000 0.745503
0.325000 0.660027
0.335000 0.523868
0.345000 0.409397
0.355000 0.344777
0.365000 0.263314
0.375000 0.201457
0.385000 0.115583
0.395000 0.077695
0.415000 -0.124583
0.425000 -0.225722
0.435000 -0.326861
0.445000 -0.428000
0.455000 -0.529139
0.465000 -0.594458
0.475000 -0.651139
0.485000 -0.734739
0.495000 -0.781921
0.505000 -0.815634
0.515000 -0.843960
0.525000 -0.898331
0.535000 -0.911128
0.545000 -0.917985
0.555000 -0.950285
0.565000 -0.940429
0.585000 -0.972691
0.595000 -0.947195
0.605000 -0.914881
0.615000 -0.947227
0.625000 -0.941051
0.635000 -0.932096
0.645000 -0.920365
0.655000 -0.874311
0.665000 -0.892917
0.675000 -0.877276
0.685000 -0.859017
0.695000 -0.838098
0.705000 -0.850397
0.715000 -0.828578
0.725000 -0.804261
0.735000 -0.781761
0.745000 -0.792745
0.755000 -0.769887
0.765000 -0.749127
0.775000 -0.762155
0.785000 -0.741664
0.795000 -0.719244
0.805000 -0.699214
0.815000 -0.677429
0.825000 -0.694000
0.835000 -0.673202
0.845000 -0.655069
0.855000 -0.639737
0.865000 -0.654677
0.875000 -0.640930
0.885000 -0.626014
0.895000 -0.609912
0.905000 -0.592657
0.915000 -0.614356
0.925000 -0.599241
0.935000 -0.587393
0.945000 -0.578943
0.955000 -0.561226
0.965000 -0.551007
0.975000 -0.535812
0.985000 -0.523984
0.995000 -0.547276
1.005000 -0.534076
1.015000 -0.524418
1.025000 -0.514178
1.035000 -0.539186
1.045000 -0.496287
1.055000 -0.488713
1.065000 -0.512245
1.075000 -0.472161
1.085000 -0.499106
1.095000 -0.494140
1.105000 -0.488852
1.115000 -0.483287
1.125000 -0.477430
1.135000 -0.507114
1.145000 -0.469186
1.155000 -0.462612
1.165000 -0.455717
1.175000 -0.484379
1.185000 -0.445442
1.195000 -0.442091
1.205000 -0.438607
1.215000 -0.434993
1.225000 -0.467039
1.235000 -0.463190
1.250000 -0.459335
1.260000 -0.455196
1.270000 -0.419349
1.280000 -0.450824
1.290000 -0.450666
1.300000 -0.446233
1.310000 -0.445929
1.320000 -0.445624
1.330000 -0.441047
1.340000 -0.440596
1.350000 -0.440146
1.360000 -0.403861
1.370000 -0.434897
1.390000 -0.433704
1.400000 -0.433108
1.410000 -0.432511
1.420000 -0.431915
1.430000 -0.431319
1.440000 -0.430722
1.450000 -0.430126
1.460000 -0.429529
1.470000 -0.428933
1.480000 -0.428337
1.490000 -0.427740
1.500000 -0.427144
1.510000 -0.426547
1.520000 -0.425951
1.530000 -0.425354
1.540000 -0.424758
1.550000 -0.424162
1.560000 -0.423565
1.570000 -0.422969
1.580000 -0.422372
1.590000 -0.421776
1.600000 -0.421180
1.610000 -0.420583
1.620000 -0.419987
1.630000 -0.419390
1.640000 -0.418794
1.650000 -0.418198
1.660000 -0.417601
1.670000 -0.417005
1.680000 -0.416408
1.690000 -0.415812
1.700000 -0.415216
1.710000 -0.414619
1.720000 -0.414023
1.730000 -0.413426
1.740000 -0.412830
1.750000 -0.412234
1.760000 -0.411637
1.770000 -0.411041
1.780000 -0.410444
1.790000 -0.409848
1.800000 -0.409251
1.810000 -0.408655
1.820000 -0.408059
1.830000 -0.407462
1.840000 -0.406866
1.850000 -0.406269
1.860000 -0.405673
1.870000 -0.405077
1.880000 -0.404480
1.890000 -0.403884
1.900000 -0.403287
1.910000 -0.402691
1.920000 -0.402095
1.930000 -0.401498
1.940000 -0.400902
1.950000 -0.400305
1.960000 -0.399709
1.970000 -0.399113
1.980000 -0.398516
1.990000 -0.397920
2.000000 -0.397323
2.010000 -0.396727
