0.015000 0.098720
0.025000 0.225802
0.035000 0.382336
0.045000 0.558505
0.055000 0.746128
0.065000 0.942478
0.075000 1.143736
0.085000 1.348812
0.095000 1.556070
0.105000 1.764964
0.115000 1.974949
0.125000 2.186025
0.135000 2.397101
0.145000 2.608722
0.155000 2.820889
0.165000 3.033055
0.195000 3.509203
0.205000 3.505385
0.215000 3.454661
0.225000 3.382121
0.235000 3.306854
0.245000 3.241404
0.255000 3.190135
0.265000 3.156319
0.275000 3.135048
0.285000 3.122503
0.295000 3.118140
0.305000 3.118685
0.315000 3.120867
0.325000 3.125230
0.335000 3.129594
0.355000 3.136138
0.365000 3.138865
0.375000 3.139956
0.385000 3.140502
0.395000 3.141047
0.405000 3.141047
0.415000 3.141047
0.425000 3.141047
0.435000 3.141047
0.445000 3.141047
0.455000 3.141047
0.465000 3.141047
0.475000 3.141047
0.485000 3.141047
0.495000 3.141047
0.505000 3.141047
0.515000 3.141047
0.525000 3.141047
0.535000 3.141047
0.545000 3.141047
0.555000 3.141047
0.565000 3.141047
0.575000 3.141047
0.585000 3.141047
0.595000 3.141047
0.605000 3.140502
0.615000 3.140502
0.625000 3.140502
0.635000 3.139956
0.645000 3.139956
0.655000 3.139956
0.665000 3.139956
0.675000 3.139956
0.685000 3.139956
0.705000 3.139956
0.715000 3.139956
0.725000 3.139956
0.735000 3.139956
0.745000 3.139956
0.755000 3.139956
0.765000 3.139956
0.775000 3.139956
0.785000 3.139956
0.795000 3.139956
0.805000 3.139956
0.815000 3.139956
0.825000 3.139956
0.835000 3.139956
0.845000 3.139956
0.855000 3.139956
0.865000 3.139956
0.875000 3.139956
0.885000 3.139956
0.895000 3.139956
0.905000 3.139956
0.925000 3.139956
0.935000 3.139956
0.945000 3.139956
0.955000 3.139956
0.965000 3.139956
0.975000 3.139956
0.985000 3.139956
0.995000 3.139956
1.005000 3.139956
1.015000 3.139956
1.025000 3.139956
1.035000 3.139956
1.045000 3.139956
1.055000 3.139956
1.065000 3.139956
1.075000 3.139956
1.095000 3.139956
1.105000 3.139956
1.115000 3.139956
1.125000 3.139956
1.135000 3.139956
1.145000 3.139956
1.155000 3.139956
1.165000 3.139956
1.175000 3.139956
1.185000 3.139956
1.195000 3.139956
1.205000 3.139956
1.215000 3.139956
1.225000 3.139956
1.235000 3.139956
1.245000 3.139956
1.255000 3.139956
1.265000 3.139956
1.275000 3.139956
1.285000 3.139956
1.295000 3.139956
1.305000 3.139956
1.315000 3.139956
1.325000 3.139956
1.335000 3.139956
1.345000 3.139956
1.355000 3.139956
1.370000 3.139956
1.380000 3.139956
1.390000 3.139956
1.400000 3.139956
1.410000 3.139956
1.420000 3.139956
1.430000 3.139956
1.440000 3.139956
1.450000 3.139956
1.460000 3.139956
1.470000 3.139956
1.480000 3.139956
1.490000 3.139956
1.500000 3.139956
1.510000 3.139956
1.520000 3.139956
1.530000 3.139956
1.540000 3.139956
1.550000 3.139956
1.560000 3.139956
1.570000 3.139956
1.580000 3.139956
1.590000 3.139956
1.600000 3.139956
1.610000 3.139956
1.620000 3.139956
1.630000 3.139956
1.640000 3.139956
1.650000 3.139956
1.680000 3.139956
1.690000 3.139956
1.700000 3.139956
1.710000 3.139956
1.720000 3.139956
1.730000 3.139956
1.740000 3.139956
1.750000 3.139956
1.760000 3.139956
1.770000 3.139956
1.790000 3.139956
1.800000 3.139956
1.810000 3.139956
1.820000 3.139956
1.840000 3.139956
1.850000 3.139956
1.860000 3.139956
1.870000 3.139956
1.880000 3.139956
1.890000 3.139956
1.900000 3.139956
1.910000 3.139956
1.920000 3.139956
1.930000 3.139956
1.940000 3.139956
1.950000 3.139956
1.960000 3.139956
1.970000 3.139956
1.980000 3.139956
1.990000 3.139956
2.000000 3.139956
2.010000 3.139956
