0.000000 0.000000
0.010000 0.000157
0.020000 0.000628
0.030000 0.001413
0.040000 0.001967
0.050000 0.001743
0.060000 0.001834
0.070000 0.001148
0.090000 0.000172
0.100000 0.000428
0.110000 -0.000093
0.120000 0.000246
0.130000 -0.000192
0.140000 -0.000317
0.150000 -0.000127
0.160000 -0.000169
0.170000 0.000104
0.180000 0.000144
0.190000 -0.000046
0.200000 0.000077
0.210000 -0.000031
0.220000 0.000175
0.230000 0.000150
0.240000 -0.000107
0.250000 -0.000050
0.260000 -0.000224
0.270000 -0.000084
0.280000 -0.000176
0.290000 0.000046
0.300000 0.000037
0.320000 -0.000130
0.330000 -0.000287
0.340000 -0.000131
0.350000 0.000339
0.360000 0.000032
0.370000 0.000039
0.380000 0.000361
0.390000 -0.000095
0.400000 -0.000237
0.410000 -0.000064
0.420000 -0.000668
0.430000 0.000132
0.440000 -0.000390
0.450000 -0.000598
0.460000 0.000054
0.470000 -0.000071
0.490000 0.000075
0.500000 -0.000199
0.510000 -0.000159
0.520000 -0.000351
0.530000 0.000317
0.550000 -0.000132
0.560000 -0.000158
0.570000 0.000130
0.580000 0.000186
0.590000 -0.000535
0.600000 0.000150
0.610000 0.000057
0.620000 -0.000267
0.630000 -0.000277
0.640000 0.000027
0.660000 -0.000604
0.670000 0.000096
0.680000 0.000020
0.690000 0.000258
0.700000 0.000264
0.710000 -0.000506
0.720000 0.000128
0.730000 -0.000014
0.740000 -0.000388
0.750000 0.000098
0.760000 -0.000194
0.770000 -0.000171
0.780000 0.000166
0.790000 -0.000275
0.800000 0.000145
0.810000 -0.000213
0.820000 0.000289
0.830000 0.000014
0.840000 0.000053
0.850000 -0.000139
0.860000 -0.000017
0.870000 -0.000127
0.880000 -0.000468
0.890000 0.000050
0.900000 -0.000209
0.910000 -0.000153
0.920000 -0.000329
0.930000 0.000354
0.940000 0.000261
0.950000 -0.000064
0.960000 -0.000075
0.970000 -0.000317
0.980000 0.000300
0.990000 0.000140
1.000000 -0.000251
1.010000 0.000217
1.020000 -0.000091
1.030000 -0.000086
1.040000 0.000234
1.050000 -0.000224
1.060000 -0.000367
1.070000 0.000349
1.080000 -0.000257
1.090000 -0.000003
1.100000 0.000018
1.110000 0.000354
1.120000 -0.000087
1.130000 0.000332
1.140000 -0.000027
1.150000 -0.000072
1.160000 -0.000347
1.170000 0.000236
1.180000 -0.000503
1.190000 0.000164
1.200000 0.000053
1.210000 0.000256
1.240000 0.000024
1.250000 -0.000154
1.260000 -0.000016
1.270000 -0.000111
1.305000 -0.000422
1.315000 0.000351
1.325000 -0.000198
1.335000 -0.000433
1.345000 0.000191
1.355000 0.000039
1.365000 -0.000345
1.375000 0.000131
1.385000 -0.000170
1.395000 -0.000158
1.405000 0.000169
1.415000 0.000264
1.425000 0.000128
1.435000 -0.000239
1.445000 0.000252
1.455000 -0.000032
1.465000 -0.000549
1.475000 0.000340
1.485000 -0.000093
1.495000 0.000332
1.505000 -0.000019
1.515000 -0.000056
1.525000 0.000221
1.535000 0.000266
1.545000 0.000080
1.555000 0.000208
1.565000 -0.000441
1.575000 -0.000230
1.585000 0.000294
1.595000 -0.000503
1.605000 0.000104
1.615000 -0.000065
1.625000 0.000079
1.635000 -0.000008
1.645000 0.000219
1.655000 0.000214
1.665000 -0.000021
1.675000 0.000056
1.685000 -0.000097
1.695000 -0.000482
1.705000 0.000539
1.715000 0.000237
1.725000 -0.000297
1.735000 0.000030
1.745000 0.000124
1.755000 -0.000013
1.765000 0.000164
1.775000 -0.000436
1.785000 0.000369
1.795000 -0.000149
1.805000 0.000194
1.815000 -0.000241
1.825000 0.000184
1.835000 -0.000168
1.845000 -0.000206
1.855000 0.000070
1.865000 0.000114
1.875000 -0.000072
1.885000 0.000054
1.895000 0.000496
1.905000 -0.000385
1.915000 0.000138
1.925000 -0.000115
1.935000 -0.000054
1.945000 -0.000225
1.955000 -0.000081
1.965000 -0.000169
1.975000 -0.000488
1.985000 0.000052
1.995000 -0.000185
2.005000 -0.000108
2.015000 -0.000262
2.025000 -0.000103
2.035000 0.000371
2.045000 0.000068
2.055000 -0.000465
2.065000 -0.000140
2.075000 -0.000046
2.085000 0.000361
2.095000 -0.000009
2.105000 -0.000064
2.115000 0.000195
2.125000 0.000222
2.135000 0.000018
2.145000 -0.000417
2.155000 0.000006
2.165000 0.000199
2.175000 -0.000386
2.185000 -0.000111
2.195000 -0.000067
2.205000 0.000290
2.215000 -0.000128
2.225000 0.000312
2.235000 -0.000025
2.245000 -0.000048
2.255000 0.000244
2.265000 -0.000241
2.275000 0.000132
2.285000 0.000275
2.295000 -0.000360
2.305000 0.000412
2.315000 -0.000139
2.325000 0.000168
2.335000 -0.000300
2.345000 0.000090
2.355000 0.000249
2.365000 0.000175
2.375000 -0.000128
2.385000 -0.000118
2.395000 0.000205
2.405000 -0.000247
2.415000 0.000159
2.425000 -0.000211
2.435000 0.000278
2.445000 -0.000009
2.455000 0.000017
2.465000 0.000358
2.475000 -0.000079
2.485000 -0.000201
2.495000 -0.000010
2.505000 -0.000050
2.515000 -0.000321
2.525000 0.000267
2.535000 0.000078
2.545000 -0.000341
2.555000 0.000098
2.565000 0.000307
2.575000 -0.000261
2.585000 0.000029
2.595000 0.000088
2.605000 -0.000085
2.615000 0.000057
2.625000 -0.000033
2.635000 0.000192
2.645000 -0.000360
2.655000 0.000490
2.665000 0.000021
2.675000 -0.000135
2.685000 -0.000523
2.695000 -0.000051
2.705000 0.000190
2.715000 -0.000346
2.725000 -0.000023
2.735000 0.000069
2.745000 -0.000072
2.755000 0.000103
2.765000 0.000046
2.775000 0.000302
2.785000 -0.000216
2.795000 0.000122
2.805000 0.000231
2.815000 0.000108
2.825000 0.000299
2.835000 -0.000286
2.845000 -0.000013
2.855000 0.000029
2.865000 -0.000161
2.875000 -0.000036
2.885000 -0.000143
2.895000 0.000064
2.905000 0.000039
2.915000 -0.000217
2.925000 0.000386
2.935000 -0.000333
2.945000 -0.000192
2.955000 -0.000282
2.965000 0.000486
2.975000 -0.000067
2.985000 -0.000306
2.995000 0.000313
3.005000 -0.000389
3.015000 0.000313
3.025000 -0.000306
3.035000 -0.000067
3.045000 -0.000058
3.055000 0.000264
3.065000 -0.000191
3.075000 -0.000329
3.085000 -0.000155
3.095000 -0.000214
3.105000 0.000042
3.115000 0.000067
3.125000 -0.000140
3.135000 0.000513
3.145000 -0.000157
3.155000 0.000031
3.165000 -0.000010
3.175000 -0.000283
3.185000 -0.000241
3.195000 0.000660
3.205000 -0.000309
3.215000 0.000128
3.225000 0.000336
3.235000 -0.000237
3.245000 0.000053
3.255000 0.000109
3.265000 -0.000063
3.280000 -0.000280
3.290000 0.000330
3.300000 -0.000381
3.310000 0.000311
3.320000 -0.000317
3.330000 -0.000086
3.340000 -0.000088
3.350000 0.000225
3.360000 -0.000237
3.370000 0.000156
3.380000 0.000322
3.390000 -0.000290
3.400000 -0.000044
3.410000 -0.000027
3.420000 -0.000244
3.430000 -0.000145
3.440000 0.000267
3.450000 -0.000097
3.460000 -0.000145
3.470000 0.000118
3.480000 0.000149
3.490000 -0.000051
3.500000 0.000063
3.510000 -0.000053
3.520000 -0.000402
3.530000 0.000109
3.540000 0.000387
3.550000 -0.000109
3.560000 0.000254
3.570000 -0.000162
3.580000 0.000284
3.590000 -0.000050
3.600000 -0.000067
3.610000 0.000229
3.620000 -0.000252
3.630000 0.000128
3.640000 -0.000273
3.650000 0.000189
3.660000 -0.000126
3.670000 -0.000128
3.680000 0.000183
3.690000 0.000265
3.700000 0.000113
3.710000 -0.000267
3.720000 0.000214
3.730000 -0.000088
3.740000 -0.000072
3.750000 0.000256
3.760000 -0.000191
3.770000 0.000217
3.780000 -0.000147
3.790000 0.000347
3.800000 0.000063
3.810000 0.000095
3.820000 -0.000105
3.830000 -0.000538
3.840000 0.000435
3.850000 -0.000460
3.860000 0.000051
3.870000 -0.000216
3.880000 -0.000170
3.890000 0.000193
3.900000 0.000322
3.910000 -0.000324
3.920000 0.000433
3.930000 -0.000132
3.940000 0.000164
3.950000 -0.000317
3.960000 0.000059
3.970000 -0.000338
3.980000 0.000124
3.990000 -0.000193
4.000000 -0.000196
4.010000 0.000113
