0.005000 10.921343
0.015000 1.472009
0.025000 0.023402
0.035000 3.452295
0.045000 1.467685
0.055000 1.483251
0.065000 1.971848
0.075000 1.638767
0.085000 2.188325
0.095000 1.694142
0.105000 1.998240
0.115000 1.787074
0.125000 2.044736
0.135000 1.859935
0.145000 2.143942
0.155000 1.889582
0.165000 1.858962
0.175000 1.914232
0.185000 1.886878
0.195000 2.167537
0.205000 1.591822
0.215000 1.864243
0.225000 1.916144
0.235000 1.885421
0.245000 2.162668
0.255000 1.901563
0.265000 1.864171
0.275000 1.912784
0.285000 1.878621
0.295000 1.834625
0.305000 1.876530
0.315000 1.931680
0.325000 2.126220
0.335000 1.855023
0.345000 1.903486
0.355000 1.869251
0.365000 1.920978
0.375000 1.890027
0.385000 1.849238
0.395000 2.116383
0.405000 1.941016
0.415000 1.598673
0.425000 1.870714
0.435000 1.922360
0.445000 1.891376
0.455000 1.850405
0.465000 1.895396
0.475000 1.857626
0.485000 1.905986
0.495000 1.871553
0.505000 2.145126
0.515000 1.880372
0.525000 1.935100
0.535000 2.129325
0.545000 2.175784
0.555000 1.599588
0.565000 2.093471
0.575000 2.229325
0.585000 1.891680
0.595000 1.850443
0.605000 1.895232
0.615000 1.953273
0.625000 1.832669
0.635000 2.188738
0.645000 1.837963
0.655000 2.197121
0.665000 1.627571
0.675000 2.127910
0.685000 1.856369
0.695000 1.904344
0.705000 1.869605
0.715000 1.920709
0.725000 1.889233
0.735000 1.847852
0.745000 2.114423
0.755000 2.160786
0.765000 1.902212
0.775000 1.867243
0.785000 2.140480
0.795000 1.875274
0.805000 2.151779
0.815000 1.889938
0.825000 1.851890
0.835000 2.121619
0.845000 2.171021
0.855000 1.597728
0.865000 2.094528
0.875000 1.915139
0.885000 1.886896
0.895000 2.166140
0.905000 1.907654
0.915000 1.872317
0.925000 1.827654
0.935000 1.868657
0.945000 1.922860
0.955000 1.576367
0.965000 2.162404
0.975000 1.903403
0.985000 1.646387
0.995000 2.152891
1.005000 1.887442
1.015000 1.941443
1.025000 2.134885
1.035000 1.862765
1.045000 1.910230
1.055000 2.192964
1.065000 1.937352
1.075000 2.127407
1.085000 2.169671
1.095000 1.907485
1.105000 2.186560
1.115000 1.927869
1.125000 1.892390
1.135000 1.847259
1.145000 2.205701
1.155000 1.635476
1.165000 1.912806
1.175000 1.970233
1.185000 1.626743
1.195000 1.897699
1.205000 2.170223
1.215000 1.904365
1.225000 1.862309
1.235000 2.128132
1.250000 1.832687
1.260000 1.874923
1.270000 2.152236
1.280000 1.891267
1.290000 1.854026
1.300000 2.125194
1.310000 1.857265
1.320000 1.909800
1.330000 1.878902
1.340000 1.838496
1.350000 1.883674
1.360000 1.942147
1.370000 1.918247
1.380000 1.565665
1.390000 2.146637
1.400000 2.199654
1.410000 1.852779
1.420000 1.897782
1.430000 1.860340
1.440000 1.908825
1.450000 2.192688
1.460000 1.620016
1.470000 1.895607
1.480000 2.172778
1.490000 1.593523
1.500000 1.862422
1.510000 1.911387
1.520000 2.098681
1.530000 1.917001
1.540000 1.886068
1.550000 1.845081
1.560000 1.890225
1.570000 2.170489
1.580000 1.594669
1.590000 1.866210
1.600000 2.140159
1.610000 1.875159
1.620000 1.930033
1.630000 1.584405
1.640000 2.170882
1.650000 1.912954
1.660000 2.100304
1.670000 1.918422
1.680000 1.886956
1.690000 1.845841
1.700000 1.890655
1.710000 2.171094
1.720000 1.595072
1.730000 1.866743
1.740000 1.917826
1.750000 1.568534
1.760000 2.151992
1.770000 1.890584
1.780000 1.852443
1.790000 1.900072
1.800000 1.865458
1.810000 1.916761
1.820000 1.885877
1.830000 2.161686
1.840000 1.900425
1.850000 2.084268
1.860000 1.898567
1.870000 1.863540
1.880000 1.915248
1.890000 1.883673
1.900000 2.160035
1.910000 1.898103
1.920000 2.178239
1.930000 1.919620
1.940000 2.106908
1.950000 2.146148
1.960000 1.881096
1.970000 1.839621
1.980000 1.884075
1.990000 1.941787
2.000000 1.598324
2.010000 1.869849
2.020000 1.920850
2.030000 1.571680
2.040000 2.153630
2.050000 1.891788
2.060000 1.853501
2.070000 1.901133
2.080000 1.865997
2.090000 2.139294
2.100000 1.651686
2.110000 1.843397
2.120000 1.887328
2.130000 2.167429
2.140000 1.590524
2.150000 2.083953
2.160000 1.900795
2.170000 1.646980
2.180000 2.156573
2.190000 1.894540
2.200000 2.174044
2.210000 1.596643
2.220000 2.089961
2.230000 2.225007
2.240000 1.886549
2.250000 1.844627
2.260000 2.110699
2.270000 1.934556
2.280000 2.130969
2.290000 1.861895
2.300000 1.912794
2.310000 1.880668
2.320000 1.838388
2.330000 1.882016
2.340000 2.162008
2.350000 1.902579
2.360000 1.867362
2.370000 2.139759
2.380000 1.873501
2.390000 2.149425
2.400000 1.887089
2.410000 2.166207
2.420000 1.906549
2.430000 1.870943
2.440000 2.143497
2.450000 1.973432
2.460000 1.858400
2.470000 2.124169
2.480000 2.169541
2.490000 1.592206
2.500000 1.862630
2.510000 1.913494
2.520000 1.881065
2.530000 1.934564
2.540000 1.904878
2.550000 1.866337
2.560000 1.817033
2.570000 2.172206
2.580000 1.597395
2.590000 2.094381
2.600000 1.914271
2.610000 1.884936
2.620000 1.940679
2.630000 2.137203
2.640000 1.868278
2.650000 1.918287
2.670000 1.842068
2.680000 2.108178
2.690000 1.931624
2.700000 2.127699
2.710000 2.174921
2.720000 1.919030
2.730000 1.886265
2.740000 1.844217
2.750000 1.887487
2.760000 1.847636
2.770000 1.893659
2.780000 1.858684
2.790000 1.907995
2.800000 1.875585
2.810000 2.150495
2.820000 1.887222
2.840000 1.599253
2.850000 1.870064
2.860000 2.141457
2.870000 1.875518
2.880000 1.831962
2.900000 1.846665
2.910000 1.893666
2.920000 2.174609
2.930000 1.600968
2.940000 2.095882
2.970000 2.164329
2.980000 1.903607
2.990000 1.867773
3.010000 1.650025
3.020000 2.159212
3.030000 1.895636
3.040000 2.173257
3.050000 1.594558
3.060000 1.865622
3.070000 2.137121
3.080000 1.870324
3.090000 1.922332
3.100000 1.892526
3.110000 1.852619
3.130000 2.168417
3.140000 1.593529
3.150000 1.866045
3.160000 1.919816
3.170000 1.889178
3.180000 2.167608
3.190000 1.906175
3.200000 1.870038
3.210000 2.141376
3.220000 1.874725
3.230000 2.149029
3.245000 1.866863
3.255000 2.139346
3.265000 1.652341
3.275000 2.160956
3.285000 1.899187
3.295000 1.956647
3.305000 1.834970
3.315000 2.191117
3.325000 1.617922
3.335000 2.114421
3.345000 1.934877
3.355000 1.905718
3.365000 1.866378
3.375000 1.914367
3.385000 1.878959
3.395000 2.151776
3.405000 1.886109
3.415000 1.940594
3.425000 1.815875
3.435000 2.168552
3.445000 1.908155
3.455000 1.872238
3.465000 1.827526
3.475000 1.868114
3.485000 2.143950
3.495000 1.563615
3.505000 2.149163
3.515000 1.891023
3.525000 1.854918
3.535000 2.126721
3.545000 2.178467
3.555000 1.607682
3.565000 1.885755
3.585000 2.139725
3.595000 1.869884
3.605000 2.142250
3.615000 2.194196
3.625000 1.845405
3.635000 1.889019
3.645000 2.167661
3.655000 1.908676
3.665000 1.874024
3.675000 1.923678
3.685000 1.891390
3.705000 1.891851
3.715000 1.630723
3.725000 1.911159
3.735000 1.875006
3.755000 1.881943
3.765000 2.157524
3.775000 1.894513
3.785000 1.854823
3.795000 2.123103
3.805000 1.853990
3.815000 1.904106
3.825000 1.871469
3.835000 2.147444
3.845000 1.884373
3.855000 2.163637
3.865000 1.584651
3.875000 1.854572
3.885000 1.904587
3.895000 1.872297
3.905000 2.148192
3.915000 1.884979
3.925000 2.163071
3.935000 1.903770
3.945000 2.089026
3.955000 2.127233
3.965000 2.178761
3.975000 1.829058
3.985000 2.190318
3.995000 1.623248
4.005000 1.903924
4.015000 2.184686
