0.000000 0.000000
0.010000 0.088809
0.020000 0.257369
0.030000 0.497730
0.040000 0.505245
0.050000 0.407849
0.060000 0.586478
0.070000 0.629076
0.080000 0.790392
0.090000 0.279176
0.100000 0.874286
0.110000 0.429036
0.120000 0.798748
0.130000 0.587251
0.140000 0.642684
0.150000 0.744725
0.160000 0.810794
0.170000 0.704916
0.180000 0.800145
0.190000 0.853109
0.200000 0.727822
0.210000 0.797359
0.220000 0.914202
0.230000 0.995753
0.240000 0.810174
0.250000 0.899215
0.260000 0.724595
0.270000 1.050141
0.280000 0.881945
0.290000 0.995350
0.300000 0.852097
0.320000 0.985723
0.330000 0.810434
0.340000 0.913958
0.350000 1.075920
0.360000 1.117920
0.370000 1.198833
0.380000 1.109834
0.390000 0.906105
0.400000 0.968585
0.410000 1.298995
0.420000 0.819124
0.430000 1.468618
0.440000 1.004905
0.450000 1.038189
0.460000 1.210438
0.470000 1.270382
0.480000 1.376875
0.490000 1.225314
0.500000 1.039529
0.510000 1.127547
0.520000 0.951229
0.530000 1.592289
0.550000 1.235592
0.560000 1.087700
0.570000 1.446266
0.580000 1.317337
0.590000 1.062424
0.600000 1.698381
0.610000 1.534254
0.620000 1.333588
0.630000 1.404751
0.640000 1.527374
0.660000 1.140962
0.670000 1.776670
0.680000 1.390862
0.690000 1.742900
0.700000 1.605395
0.710000 1.339819
0.720000 1.740893
0.730000 1.351200
0.740000 1.600891
0.750000 1.748727
0.760000 1.555218
0.770000 1.412814
0.780000 1.778917
0.790000 1.563704
0.800000 1.933349
0.810000 1.503142
0.820000 1.894665
0.830000 1.712072
0.840000 1.803242
0.850000 1.629872
0.860000 1.734082
0.870000 1.799222
0.880000 1.593837
0.890000 1.977323
0.900000 1.787243
0.910000 1.871576
0.920000 1.914356
0.930000 2.097639
0.940000 1.947527
0.950000 1.983148
0.960000 2.057026
0.970000 1.642260
0.980000 2.276274
0.990000 1.885295
1.000000 2.132914
1.010000 2.055898
1.020000 2.092468
1.030000 2.167836
1.040000 2.295264
1.050000 1.852249
1.060000 1.909057
1.070000 2.329573
1.080000 1.866840
1.090000 2.215812
1.100000 2.297350
1.110000 2.431990
1.120000 2.218749
1.130000 2.368438
1.140000 2.173701
1.150000 2.249238
1.160000 2.279084
1.170000 2.222848
1.180000 1.966962
1.190000 2.601456
1.205000 2.541642
1.215000 2.377997
1.245000 2.349519
1.255000 2.426110
1.265000 2.235386
1.275000 2.637782
1.305000 2.336151
1.315000 2.763681
1.325000 2.310354
1.335000 2.353106
1.345000 2.755899
1.355000 2.367015
1.365000 2.617166
1.375000 2.765162
1.385000 2.571610
1.395000 2.650527
1.405000 2.782021
1.415000 2.883161
1.425000 2.722357
1.435000 2.745480
1.445000 2.900651
1.455000 2.714802
1.465000 2.484395
1.475000 2.931775
1.485000 2.724803
1.495000 3.103063
1.505000 2.681908
1.515000 2.986830
1.525000 3.108616
1.535000 2.975679
1.545000 2.812653
1.555000 3.149127
1.565000 2.673364
1.575000 3.007196
1.585000 2.946150
1.595000 2.683155
1.605000 3.085985
1.615000 2.918282
1.625000 3.251302
1.635000 3.090844
1.645000 3.212291
1.655000 3.298834
1.665000 3.119592
1.675000 3.437660
1.685000 3.037026
1.695000 3.053925
1.705000 3.520053
1.715000 3.337538
1.725000 3.109802
1.735000 3.241207
1.745000 3.341812
1.755000 3.402957
1.765000 3.509888
1.775000 3.040449
1.785000 3.700301
1.795000 3.247205
1.805000 3.387490
1.815000 3.402446
1.825000 3.324360
1.835000 3.357984
1.845000 3.428853
1.855000 3.327920
1.865000 3.427634
1.875000 3.485845
1.885000 3.587584
1.895000 3.747336
1.905000 3.245536
1.915000 3.638921
1.925000 3.681470
1.935000 3.542871
1.945000 3.596683
1.955000 3.472783
1.965000 3.544644
1.975000 3.569026
1.985000 3.727730
1.995000 3.546973
2.005000 3.641068
2.015000 3.695353
2.025000 3.794696
2.035000 3.952631
2.045000 3.768647
2.055000 3.540728
2.065000 3.670263
2.075000 3.769650
2.085000 3.925009
2.095000 3.957233
2.105000 4.026245
2.115000 3.922481
2.125000 4.241347
2.135000 3.839816
2.145000 3.852886
2.155000 3.994775
2.165000 4.111145
2.175000 3.873371
2.185000 3.991504
2.195000 4.078384
2.205000 4.218418
2.215000 4.012423
2.225000 4.391619
2.235000 4.193517
2.245000 4.045447
2.255000 4.181133
2.265000 4.189877
2.275000 4.102972
2.285000 4.444360
2.295000 3.973361
2.305000 4.632558
2.315000 4.175939
2.325000 4.310316
2.335000 4.318583
2.345000 4.454088
2.355000 4.563210
2.365000 4.411732
2.375000 4.447957
2.385000 4.299619
2.395000 4.659667
2.405000 4.216467
2.415000 4.591050
2.425000 4.387307
2.435000 4.549147
2.445000 4.591019
2.455000 4.673044
2.465000 4.808063
2.475000 4.373752
2.485000 4.662425
2.495000 4.542026
2.505000 4.619309
2.515000 4.649948
2.525000 4.596184
2.535000 4.660203
2.545000 4.450541
2.555000 4.826673
2.565000 4.722276
2.575000 4.497788
2.585000 4.852029
2.595000 4.719532
2.605000 5.000988
2.615000 4.871015
2.625000 4.714876
2.635000 4.840698
2.645000 4.613996
2.655000 5.284135
2.665000 4.844782
2.675000 4.903599
2.685000 4.690322
2.695000 5.063113
2.705000 4.956619
2.715000 4.732457
2.725000 5.088779
2.735000 5.181489
2.745000 5.011416
2.755000 4.899956
2.765000 5.206532
2.775000 5.328897
2.785000 4.879321
2.795000 5.243524
2.805000 5.345202
2.815000 5.185213
2.825000 5.306356
2.835000 5.072939
2.845000 5.417914
2.855000 5.274909
2.865000 5.100658
2.875000 5.204521
2.885000 5.269605
2.895000 5.381993
2.905000 5.236482
2.915000 5.279512
2.925000 5.460084
2.935000 5.207873
2.945000 5.307054
2.955000 5.145163
2.965000 5.805618
2.975000 5.351764
2.985000 5.393708
2.995000 5.572572
3.005000 5.320539
3.015000 5.737086
3.025000 5.271809
3.035000 5.615833
3.045000 5.470875
3.055000 5.833338
3.065000 5.391681
3.075000 5.452377
3.085000 5.556667
3.095000 5.402658
3.105000 5.753244
3.115000 5.615534
3.125000 5.668443
3.135000 6.082958
3.145000 5.609988
3.155000 5.724062
3.165000 5.580817
3.175000 5.625240
3.185000 5.932336
3.200000 5.661610
3.210000 5.619569
3.220000 5.785476
3.230000 5.612773
3.240000 5.942984
3.250000 6.093925
3.260000 5.903617
3.270000 5.982891
3.280000 5.798267
3.290000 6.203820
3.300000 5.723314
3.310000 6.143929
3.320000 5.904600
3.330000 6.019665
3.340000 6.097697
3.350000 6.229508
3.360000 6.014798
3.370000 6.380557
3.380000 6.265812
3.390000 5.806401
3.400000 6.380110
3.410000 6.010995
3.420000 6.062490
3.430000 6.159154
3.440000 6.310660
3.450000 6.340823
3.460000 6.408870
3.470000 6.302082
3.480000 6.395854
3.490000 6.447040
3.500000 6.319669
3.510000 6.387889
3.520000 6.405168
3.530000 6.335289
3.540000 6.697525
3.550000 6.477161
3.560000 6.617188
3.570000 6.408545
3.580000 6.787867
3.590000 6.366004
3.600000 6.672977
3.610000 6.796835
3.620000 6.350454
3.630000 6.720960
3.640000 6.509337
3.650000 6.663883
3.660000 6.699747
3.670000 6.549036
3.680000 6.685579
3.690000 6.790703
3.700000 6.853973
3.710000 6.648071
3.720000 6.807778
3.730000 6.844212
3.740000 6.921834
3.750000 7.050961
3.760000 6.611340
3.770000 7.209381
3.780000 6.554628
3.790000 7.175271
3.800000 6.987350
3.810000 6.852284
3.820000 6.906981
3.830000 6.686897
3.840000 7.148011
3.850000 6.639925
3.860000 7.029167
3.870000 6.843174
3.880000 6.931195
3.890000 7.296585
3.900000 7.176335
3.910000 6.934124
3.920000 7.362144
3.930000 6.910533
3.940000 7.271268
3.950000 6.828689
3.960000 7.420846
3.970000 6.982178
3.980000 7.363358
3.990000 7.165613
4.000000 7.240599
4.010000 7.364125
