0.000000 0.000000
0.010000 0.031089
0.030000 0.261254
0.040000 0.423788
0.050000 0.603229
0.060000 0.793579
0.070000 0.991565
0.080000 1.194460
0.090000 1.400627
0.100000 1.608975
0.110000 1.818415
0.120000 2.029491
0.130000 2.240566
0.140000 2.452733
0.150000 2.664354
0.160000 2.876521
0.170000 3.076688
0.180000 3.227223
0.190000 3.328670
0.200000 3.390847
0.210000 3.418118
0.220000 3.418118
0.230000 3.398483
0.240000 3.364668
0.250000 3.322125
0.260000 3.276310
0.270000 3.230495
0.280000 3.189589
0.290000 3.155228
0.300000 3.128503
0.310000 3.109413
0.320000 3.097414
0.330000 3.090324
0.340000 3.088687
0.350000 3.090324
0.360000 3.094687
0.370000 3.101777
0.380000 3.109959
0.390000 3.118140
0.400000 3.126321
0.410000 3.133411
0.420000 3.139411
0.430000 3.143229
0.440000 3.145956
0.450000 3.147592
0.460000 3.148138
0.470000 3.148138
0.480000 3.148138
0.490000 3.148138
0.500000 3.148138
0.510000 3.148138
0.520000 3.148138
0.530000 3.148138
0.560000 3.146501
0.570000 3.145411
0.580000 3.144320
0.600000 3.141047
0.610000 3.140502
0.620000 3.139411
0.630000 3.138865
0.640000 3.138865
0.650000 3.138865
0.660000 3.138320
0.670000 3.138320
0.680000 3.138320
0.690000 3.138320
0.700000 3.138320
0.710000 3.138320
0.720000 3.138320
0.730000 3.138320
0.740000 3.138320
0.750000 3.138320
0.780000 3.138320
0.790000 3.138320
0.800000 3.138320
0.810000 3.138320
0.820000 3.138320
0.830000 3.138320
0.840000 3.138320
0.850000 3.138320
0.860000 3.138320
0.870000 3.138320
0.880000 3.138320
0.890000 3.138320
0.900000 3.138320
0.910000 3.138320
0.920000 3.138320
0.930000 3.138320
0.940000 3.138320
0.950000 3.138320
0.960000 3.138320
0.970000 3.138320
0.980000 3.138320
0.990000 3.138320
1.000000 3.138320
1.010000 3.138320
1.020000 3.138320
1.030000 3.138865
1.040000 3.138865
1.050000 3.139411
1.060000 3.139956
1.070000 3.139956
1.080000 3.139956
1.090000 3.140502
1.100000 3.140502
1.110000 3.140502
1.120000 3.140502
1.130000 3.140502
1.140000 3.140502
1.150000 3.140502
1.160000 3.140502
1.170000 3.140502
1.180000 3.140502
1.190000 3.140502
1.200000 3.140502
1.210000 3.140502
1.220000 3.140502
1.230000 3.140502
1.240000 3.140502
1.250000 3.140502
1.260000 3.140502
1.270000 3.140502
1.280000 3.140502
1.290000 3.140502
1.300000 3.140502
1.310000 3.140502
1.320000 3.140502
1.340000 3.140502
1.350000 3.140502
1.365000 3.140502
1.375000 3.140502
1.385000 3.140502
1.395000 3.140502
1.405000 3.140502
1.415000 3.140502
1.425000 3.140502
1.435000 3.140502
1.445000 3.140502
1.455000 3.140502
1.465000 3.140502
1.475000 3.140502
1.485000 3.140502
1.495000 3.140502
1.515000 3.140502
1.525000 3.140502
1.535000 3.140502
1.545000 3.140502
1.555000 3.140502
1.565000 3.140502
1.575000 3.140502
1.585000 3.140502
1.595000 3.140502
1.605000 3.140502
1.615000 3.140502
1.625000 3.140502
1.635000 3.140502
1.645000 3.140502
1.655000 3.140502
1.665000 3.140502
1.685000 3.140502
1.695000 3.140502
1.705000 3.140502
1.715000 3.140502
1.725000 3.140502
1.735000 3.140502
1.745000 3.140502
1.755000 3.140502
1.765000 3.140502
1.775000 3.140502
1.785000 3.140502
1.795000 3.140502
1.805000 3.140502
1.815000 3.140502
1.825000 3.140502
1.835000 3.140502
1.845000 3.140502
1.855000 3.140502
1.865000 3.140502
1.875000 3.140502
1.885000 3.140502
1.895000 3.140502
1.905000 3.140502
1.915000 3.140502
1.925000 3.140502
1.935000 3.140502
1.945000 3.140502
1.955000 3.140502
1.965000 3.140502
1.975000 3.140502
1.985000 3.140502
1.995000 3.140502
2.005000 3.140502
