0.000000 0.000000
0.010000 0.000157
0.020000 0.000628
0.030000 0.001413
0.040000 0.002512
0.050000 0.003925
0.060000 0.005652
0.070000 0.007693
0.080000 0.010048
0.090000 0.012717
0.100000 0.015700
0.110000 0.018997
0.120000 0.022608
0.130000 0.026533
0.140000 0.030772
0.150000 0.035325
0.160000 0.040192
0.170000 0.045373
0.180000 0.050868
0.190000 0.056677
0.200000 0.062800
0.210000 0.069237
0.220000 0.075988
0.230000 0.083053
0.240000 0.090432
0.250000 0.098125
0.260000 0.106132
0.270000 0.114453
0.280000 0.123088
0.290000 0.132037
0.300000 0.141300
0.320000 0.160768
0.330000 0.170973
0.340000 0.181492
0.350000 0.192325
0.360000 0.203472
0.370000 0.214933
0.380000 0.226708
0.390000 0.238797
0.400000 0.251200
0.410000 0.263917
0.420000 0.276948
0.430000 0.290293
0.440000 0.303952
0.450000 0.317925
0.460000 0.332212
0.470000 0.346813
0.490000 0.376957
0.500000 0.392500
0.510000 0.408357
0.520000 0.424528
0.530000 0.441013
0.550000 0.474925
0.560000 0.492352
0.570000 0.510093
0.580000 0.528148
0.590000 0.546517
0.600000 0.565200
0.610000 0.584197
0.620000 0.603508
0.630000 0.623133
0.640000 0.643072
0.650000 0.663325
0.660000 0.683892
0.670000 0.704773
0.680000 0.725968
0.690000 0.747477
0.700000 0.769300
0.710000 0.791437
0.720000 0.813888
0.730000 0.836653
0.740000 0.859732
0.750000 0.883125
0.760000 0.906832
0.770000 0.930853
0.780000 0.955188
0.790000 0.979837
0.800000 1.004800
0.810000 1.030077
0.820000 1.055668
0.830000 1.081573
0.840000 1.107792
0.850000 1.134325
0.860000 1.161172
0.870000 1.188333
0.890000 1.243597
0.900000 1.271700
0.910000 1.300117
0.920000 1.328848
0.930000 1.357893
0.940000 1.387252
0.950000 1.416925
0.960000 1.446912
0.970000 1.477213
0.980000 1.507828
0.990000 1.538757
1.000000 1.570000
1.010000 1.601557
1.020000 1.633428
1.030000 1.665613
1.040000 1.698112
1.060000 1.764052
1.070000 1.797493
1.080000 1.831248
1.090000 1.865317
1.100000 1.899700
1.110000 1.934397
1.120000 1.969408
1.130000 2.004733
1.140000 2.040372
1.150000 2.076325
1.160000 2.112592
1.170000 2.149173
1.180000 2.186068
1.190000 2.223277
1.200000 2.260800
1.210000 2.298637
1.240000 2.414032
1.250000 2.453125
1.260000 2.492532
1.270000 2.532253
1.300000 2.653300
1.310000 2.694277
1.325000 2.756331
1.335000 2.798093
1.345000 2.840169
1.355000 2.882560
1.365000 2.925263
1.375000 2.968281
1.385000 3.011613
1.395000 3.055259
1.405000 3.099219
1.415000 3.143493
1.425000 3.188081
1.435000 3.232983
1.445000 3.278199
1.455000 3.323729
1.465000 3.369573
1.475000 3.415731
1.485000 3.462204
1.495000 3.508989
1.505000 3.556089
1.515000 3.603503
1.525000 3.651231
1.535000 3.699273
1.545000 3.747629
1.555000 3.796299
1.565000 3.845283
1.575000 3.894581
1.585000 3.944193
1.595000 3.994119
1.605000 4.044360
1.615000 4.094913
1.635000 4.196963
1.645000 4.248459
1.655000 4.300269
1.665000 4.352393
1.675000 4.404831
1.685000 4.457583
1.695000 4.510649
1.705000 4.564029
1.715000 4.617723
1.725000 4.671731
1.735000 4.726054
1.745000 4.780689
1.755000 4.835639
1.765000 4.890903
1.775000 4.946481
1.785000 5.002373
1.805000 5.115099
1.815000 5.171933
1.825000 5.229081
1.835000 5.286543
1.845000 5.344319
1.855000 5.402409
1.865000 5.460814
1.875000 5.519531
1.885000 5.578563
1.895000 5.637909
1.905000 5.697569
1.915000 5.757543
1.925000 5.817831
1.935000 5.878433
1.945000 5.939349
1.955000 6.000579
1.965000 6.062123
1.975000 6.123981
1.985000 6.186153
1.995000 6.248640
2.005000 6.311439
2.015000 6.374553
2.025000 6.437981
2.035000 6.501722
2.045000 6.565778
2.055000 6.630150
2.065000 6.694834
2.075000 6.759832
2.085000 6.825144
2.095000 6.890769
2.105000 6.956709
2.115000 7.022964
2.125000 7.089531
2.135000 7.156414
2.145000 7.223609
2.155000 7.291119
2.165000 7.358943
2.175000 7.427081
2.185000 7.495533
2.195000 7.564299
2.205000 7.633379
2.215000 7.702773
2.225000 7.772481
2.235000 7.842503
2.245000 7.912839
2.255000 7.983489
2.265000 8.054453
2.275000 8.125731
2.285000 8.197323
2.295000 8.269228
2.305000 8.341450
2.315000 8.413984
2.325000 8.486832
2.335000 8.559994
2.345000 8.633470
2.355000 8.707260
2.365000 8.781363
2.375000 8.855782
2.385000 8.930513
2.395000 9.005559
2.405000 9.080919
2.415000 9.156593
2.425000 9.232581
2.435000 9.308883
2.445000 9.385499
2.455000 9.462429
2.465000 9.539673
2.475000 9.617230
2.485000 9.695103
2.495000 9.773289
2.505000 9.851789
2.515000 9.930602
2.525000 10.009730
2.535000 10.089172
2.545000 10.168928
2.555000 10.248999
2.565000 10.329384
2.575000 10.410082
2.585000 10.491094
2.595000 10.572420
2.605000 10.654059
2.615000 10.736013
2.625000 10.818281
2.635000 10.900864
2.645000 10.983760
2.655000 11.066969
2.665000 11.150494
2.675000 11.234331
2.685000 11.318483
2.695000 11.402949
2.705000 11.487729
2.715000 11.572823
2.725000 11.658231
2.735000 11.743953
2.745000 11.829988
2.755000 11.916339
2.765000 12.003002
2.775000 12.089980
2.785000 12.177273
2.795000 12.264878
2.805000 12.352798
2.815000 12.441032
2.825000 12.529582
2.835000 12.618444
2.845000 12.707620
2.855000 12.797110
2.865000 12.886913
2.875000 12.977032
2.885000 13.067464
2.895000 13.158210
2.905000 13.249269
2.915000 13.340643
2.925000 13.432331
2.935000 13.524333
2.945000 13.616649
2.955000 13.709279
2.965000 13.802223
2.975000 13.895481
2.985000 13.989053
2.995000 14.082938
3.005000 14.177138
3.015000 14.271652
3.025000 14.366481
3.035000 14.461622
3.045000 14.557078
3.055000 14.652848
3.065000 14.748932
3.075000 14.845332
3.085000 14.942044
3.095000 15.039070
3.105000 15.136410
3.115000 15.234064
3.125000 15.332032
3.135000 15.430314
3.145000 15.528910
3.155000 15.627819
3.165000 15.727043
3.175000 15.826581
3.185000 15.926434
3.195000 16.026600
3.205000 16.127079
3.215000 16.227873
3.225000 16.328981
3.235000 16.430403
3.245000 16.532139
3.255000 16.634188
3.265000 16.736553
3.275000 16.839230
3.285000 16.942223
3.295000 17.045528
3.305000 17.149149
3.320000 17.305168
3.330000 17.409573
3.340000 17.514292
3.350000 17.619324
3.360000 17.724672
3.370000 17.830332
3.380000 17.936308
3.390000 18.042597
3.400000 18.149199
3.410000 18.256117
3.420000 18.363346
3.430000 18.470892
3.440000 18.578751
3.450000 18.686924
3.460000 18.795414
3.470000 18.904215
3.480000 19.013329
3.490000 19.122757
3.500000 19.232500
3.510000 19.342558
3.520000 19.452929
3.530000 19.563614
3.540000 19.674612
3.550000 19.785925
3.560000 19.897552
3.570000 20.009493
3.580000 20.121748
3.590000 20.234316
3.600000 20.347200
3.610000 20.460396
3.620000 20.573908
3.630000 20.687733
3.640000 20.801870
3.650000 20.916325
3.660000 21.031092
3.670000 21.146172
3.680000 21.261566
3.690000 21.377275
3.700000 21.493298
3.710000 21.609636
3.720000 21.726290
3.730000 21.843254
3.740000 21.960533
3.750000 22.078125
3.760000 22.196033
3.770000 22.314253
3.780000 22.432789
3.790000 22.551638
3.800000 22.670799
3.810000 22.790277
3.820000 22.910069
3.830000 23.030172
3.840000 23.150591
3.850000 23.271324
3.860000 23.392372
3.870000 23.513733
3.880000 23.635406
3.890000 23.757397
3.900000 23.879700
3.910000 24.002316
3.920000 24.125246
3.930000 24.248491
3.940000 24.372051
3.950000 24.495924
3.960000 24.620110
3.970000 24.744614
3.980000 24.869429
3.990000 24.994558
4.000000 25.120001
4.010000 25.245754
