0.005000 0.015700
0.015000 0.014375
0.025000 -0.003312
0.035000 -0.001365
0.045000 -0.003235
0.055000 -0.005105
0.065000 -0.003703
0.075000 -0.003392
0.085000 -0.001990
0.095000 -0.001678
0.105000 -0.000822
0.115000 -0.000510
0.125000 -0.000199
0.135000 0.000112
0.145000 0.000424
0.155000 0.000189
0.165000 -0.000045
0.175000 0.000267
0.185000 0.000033
0.195000 0.000344
0.205000 -0.000436
0.215000 -0.000124
0.225000 0.000187
0.235000 -0.000047
0.245000 0.000264
0.255000 0.000030
0.265000 -0.000204
0.275000 0.000107
0.285000 -0.000127
0.295000 -0.000361
0.305000 -0.000049
0.315000 0.000262
0.325000 0.000028
0.335000 -0.000206
0.345000 0.000105
0.355000 -0.000129
0.365000 0.000182
0.375000 -0.000052
0.385000 -0.000286
0.395000 0.000026
0.405000 0.000337
0.415000 -0.000443
0.425000 -0.000131
0.435000 0.000180
0.445000 -0.000054
0.455000 -0.000288
0.465000 0.000023
0.475000 -0.000211
0.485000 0.000100
0.495000 -0.000134
0.505000 0.000178
0.515000 -0.000057
0.525000 0.000255
0.535000 0.000021
0.545000 0.000332
0.555000 -0.000448
0.565000 -0.000136
0.575000 0.000721
0.585000 -0.000059
0.595000 -0.000293
0.605000 0.000018
0.615000 0.000329
0.625000 -0.000450
0.635000 0.000407
0.645000 -0.000373
0.655000 0.000484
0.665000 -0.000295
0.675000 0.000016
0.685000 -0.000218
0.695000 0.000093
0.705000 -0.000141
0.715000 0.000170
0.725000 -0.000064
0.735000 -0.000298
0.745000 0.000013
0.755000 0.000325
0.765000 0.000091
0.775000 -0.000144
0.785000 0.000168
0.795000 -0.000066
0.805000 0.000245
0.815000 0.000011
0.825000 -0.000223
0.835000 0.000088
0.845000 0.000400
0.855000 -0.000380
0.865000 -0.000068
0.875000 0.000243
0.885000 0.000009
0.895000 0.000320
0.905000 0.000086
0.915000 -0.000149
0.925000 -0.000382
0.935000 -0.000071
0.945000 0.000240
0.955000 -0.000539
0.965000 0.000318
0.975000 0.000083
0.985000 -0.000151
0.995000 0.000161
1.005000 -0.000073
1.015000 0.000238
1.025000 0.000004
1.035000 -0.000230
1.045000 0.000081
1.055000 0.000392
1.065000 0.000158
1.075000 -0.000076
1.085000 0.000235
1.095000 0.000001
1.105000 0.000313
1.115000 0.000079
1.125000 -0.000155
1.135000 -0.000390
1.145000 0.000467
1.155000 -0.000312
1.165000 -0.000001
1.175000 0.000310
1.185000 -0.000469
1.195000 -0.000158
1.205000 0.000154
1.215000 -0.000081
1.225000 -0.000315
1.235000 -0.000004
1.245000 -0.000237
1.255000 0.000074
1.265000 -0.000160
1.275000 0.000151
1.290000 -0.000200
1.300000 0.000112
1.310000 -0.000123
1.320000 0.000189
1.330000 -0.000045
1.340000 -0.000279
1.350000 0.000032
1.360000 0.000343
1.370000 0.000109
1.380000 -0.000671
1.390000 0.000186
1.400000 0.000497
1.410000 -0.000282
1.420000 0.000029
1.430000 -0.000205
1.440000 0.000106
1.450000 0.000418
1.460000 -0.000362
1.470000 -0.000051
1.480000 0.000261
1.490000 -0.000519
1.500000 -0.000207
1.510000 0.000104
1.520000 -0.000130
1.530000 0.000181
1.540000 -0.000052
1.550000 -0.000287
1.560000 0.000025
1.570000 0.000336
1.580000 -0.000443
1.590000 -0.000133
1.600000 0.000179
1.610000 -0.000055
1.620000 0.000256
1.630000 -0.000524
1.640000 0.000333
1.650000 0.000100
1.660000 -0.000135
1.670000 0.000176
1.680000 -0.000058
1.690000 -0.000292
1.700000 0.000020
1.710000 0.000331
1.720000 -0.000448
1.730000 -0.000137
1.740000 0.000174
1.750000 -0.000606
1.760000 0.000251
1.770000 0.000018
1.780000 -0.000216
1.790000 0.000094
1.800000 -0.000140
1.810000 0.000172
1.820000 -0.000062
1.830000 0.000248
1.840000 0.000015
1.850000 -0.000219
1.860000 0.000092
1.870000 -0.000142
1.880000 0.000169
1.890000 -0.000065
1.900000 0.000247
1.910000 0.000012
1.920000 0.000324
1.930000 0.000090
1.940000 -0.000144
1.950000 0.000167
1.960000 -0.000067
1.970000 -0.000301
1.980000 0.000010
1.990000 0.000322
2.000000 -0.000459
2.010000 -0.000147
2.020000 0.000165
2.030000 -0.000615
2.040000 0.000241
2.050000 0.000007
2.060000 -0.000226
2.070000 0.000085
2.080000 -0.000149
2.090000 0.000162
2.100000 -0.000072
2.110000 -0.000306
2.120000 0.000005
2.130000 0.000317
2.140000 -0.000463
2.150000 -0.000151
2.160000 0.000160
2.170000 -0.000074
2.180000 0.000237
2.190000 0.000003
2.200000 0.000315
2.210000 -0.000466
2.220000 -0.000154
2.230000 0.000703
2.240000 -0.000077
2.250000 -0.000311
2.260000 0.000000
2.270000 0.000312
2.280000 0.000078
2.290000 -0.000156
2.300000 0.000155
2.310000 -0.000079
2.320000 -0.000313
2.330000 -0.000002
2.340000 0.000309
2.350000 0.000075
2.360000 -0.000158
2.370000 0.000153
2.380000 -0.000082
2.390000 0.000230
2.400000 -0.000004
2.410000 0.000307
2.420000 0.000072
2.430000 -0.000162
2.440000 0.000150
2.450000 0.000462
2.460000 -0.000318
2.470000 -0.000007
2.480000 0.000304
2.500000 -0.000164
2.510000 0.000148
2.520000 -0.000086
2.530000 0.000225
2.540000 -0.000010
2.550000 -0.000243
2.560000 -0.000478
2.570000 0.000380
2.580000 -0.000401
2.590000 -0.000089
2.600000 0.000223
2.610000 -0.000011
2.620000 0.000299
2.630000 0.000065
2.640000 -0.000168
2.650000 0.000143
2.660000 -0.000091
2.670000 -0.000326
2.680000 -0.000014
2.690000 0.000298
2.700000 0.000064
2.710000 0.000374
2.730000 -0.000093
2.740000 -0.000327
2.750000 -0.000016
2.760000 -0.000251
2.770000 0.000060
2.780000 -0.000173
2.790000 0.000138
2.800000 -0.000096
2.810000 0.000216
2.820000 -0.000019
2.830000 0.000293
2.840000 -0.000487
2.850000 -0.000175
2.860000 0.000135
2.870000 -0.000097
2.880000 -0.000333
2.900000 -0.000256
2.910000 0.000056
2.920000 0.000366
2.930000 -0.000412
2.940000 -0.000101
2.970000 0.000288
2.980000 0.000053
2.990000 -0.000180
3.000000 0.000131
3.010000 -0.000104
3.020000 0.000209
3.030000 -0.000026
3.040000 0.000285
3.050000 -0.000495
3.070000 0.000129
3.080000 -0.000105
3.090000 0.000205
3.100000 -0.000029
3.110000 -0.000262
3.130000 0.000360
3.140000 -0.000420
3.150000 -0.000109
3.160000 0.000204
3.170000 -0.000031
3.180000 0.000280
3.190000 0.000046
3.200000 -0.000188
3.210000 0.000124
3.220000 -0.000111
3.240000 -0.000033
3.250000 -0.000267
3.260000 0.000589
3.270000 -0.000190
3.280000 0.000121
3.295000 0.000316
3.305000 -0.000464
3.315000 0.000393
3.325000 -0.000386
3.335000 -0.000075
3.345000 0.000237
3.355000 0.000002
3.365000 -0.000234
3.375000 0.000079
3.385000 -0.000155
3.395000 0.000156
3.405000 -0.000078
3.415000 0.000234
3.425000 -0.000546
3.435000 0.000312
3.445000 0.000076
3.455000 -0.000158
3.465000 -0.000391
3.475000 -0.000080
3.485000 0.000231
3.495000 -0.000548
3.505000 0.000308
3.515000 0.000075
3.525000 -0.000159
3.535000 0.000151
3.545000 0.000463
3.555000 -0.000318
3.565000 -0.000005
3.575000 0.000306
3.585000 0.000072
3.595000 -0.000162
3.605000 0.000149
3.615000 0.000461
3.625000 -0.000319
3.635000 -0.000009
3.645000 0.000303
3.655000 0.000070
3.665000 -0.000164
3.675000 0.000147
3.685000 -0.000087
3.705000 -0.000010
3.715000 -0.000244
3.725000 0.000067
3.735000 -0.000167
3.745000 0.000144
3.755000 -0.000090
3.765000 0.000222
3.775000 -0.000012
3.785000 -0.000247
3.795000 0.000064
3.815000 0.000142
3.825000 -0.000093
3.835000 0.000219
3.845000 -0.000014
3.855000 0.000298
3.865000 -0.000484
3.875000 -0.000173
3.885000 0.000139
3.895000 -0.000094
3.905000 0.000217
3.915000 -0.000017
3.925000 0.000294
3.935000 0.000060
3.945000 -0.000175
3.955000 0.000136
3.965000 0.000448
3.985000 0.000525
3.995000 -0.000254
4.005000 0.000058
4.015000 0.000369
