0.005000 0.015700
0.015000 0.047100
0.025000 0.078500
0.035000 0.109900
0.045000 0.141300
0.055000 0.172700
0.065000 0.204100
0.075000 0.235500
0.085000 0.266900
0.095000 0.298300
0.105000 0.329700
0.115000 0.361100
0.125000 0.392500
0.135000 0.423900
0.145000 0.455300
0.155000 0.486700
0.165000 0.518100
0.175000 0.549500
0.185000 0.580900
0.195000 0.612300
0.205000 0.643700
0.215000 0.675100
0.225000 0.706500
0.235000 0.737900
0.245000 0.769300
0.255000 0.800700
0.265000 0.832100
0.275000 0.863500
0.285000 0.894900
0.295000 0.926300
0.305000 0.957700
0.315000 0.989100
0.325000 1.020500
0.335000 1.051900
0.345000 1.083300
0.355000 1.114700
0.365000 1.146100
0.375000 1.177500
0.395000 1.240300
0.405000 1.271700
0.415000 1.303100
0.425000 1.334500
0.435000 1.365900
0.445000 1.397300
0.455000 1.428700
0.465000 1.460100
0.475000 1.491500
0.485000 1.522900
0.495000 1.554300
0.505000 1.585700
0.515000 1.617100
0.525000 1.648500
0.535000 1.679900
0.545000 1.711300
0.555000 1.742700
0.565000 1.774100
0.575000 1.805500
0.585000 1.836900
0.595000 1.868300
0.605000 1.899700
0.615000 1.931100
0.625000 1.962500
0.635000 1.993900
0.645000 2.025300
0.655000 2.056700
0.665000 2.088100
0.675000 2.119500
0.685000 2.150900
0.695000 2.182300
0.705000 2.213700
0.715000 2.245100
0.725000 2.276500
0.735000 2.307900
0.745000 2.339300
0.755000 2.370700
0.765000 2.402100
0.775000 2.433500
0.785000 2.464900
0.795000 2.496300
0.805000 2.527700
0.815000 2.559100
0.825000 2.590500
0.835000 2.621900
0.845000 2.653300
0.855000 2.684700
0.865000 2.716100
0.875000 2.747500
0.885000 2.778900
0.895000 2.810300
0.905000 2.841700
0.915000 2.873100
0.925000 2.904500
0.935000 2.935900
0.945000 2.967300
0.955000 2.998700
0.965000 3.030100
0.975000 3.061500
0.985000 3.092900
0.995000 3.124300
1.005000 3.155700
1.015000 3.187100
1.025000 3.218500
1.035000 3.249900
1.045000 3.281300
1.055000 3.312700
1.065000 3.344100
1.075000 3.375500
1.085000 3.406900
1.095000 3.438300
1.105000 3.469700
1.115000 3.501100
1.125000 3.532500
1.135000 3.563900
1.145000 3.595300
1.155000 3.626700
1.165000 3.658100
1.175000 3.689500
1.185000 3.720900
1.195000 3.752300
1.205000 3.783700
1.215000 3.815100
1.225000 3.846500
1.235000 3.877900
1.245000 3.909300
1.255000 3.940700
1.265000 3.972100
1.275000 4.003500
1.285000 4.034900
1.295000 4.066300
1.305000 4.097700
1.315000 4.129100
1.330000 4.176200
1.340000 4.207600
1.350000 4.239000
1.360000 4.270400
1.370000 4.301800
1.380000 4.333200
1.390000 4.364600
1.400000 4.396000
1.410000 4.427400
1.420000 4.458800
1.430000 4.490200
1.440000 4.521600
1.450000 4.553000
1.460000 4.584400
1.470000 4.615800
1.480000 4.647200
1.490000 4.678600
1.500000 4.710000
1.510000 4.741400
1.520000 4.772800
1.530000 4.804200
1.540000 4.835600
1.550000 4.867000
1.560000 4.898400
1.570000 4.929800
1.580000 4.961200
1.590000 4.992600
1.600000 5.024000
1.610000 5.055400
1.620000 5.086800
1.630000 5.118200
1.640000 5.149600
1.650000 5.181000
1.660000 5.212400
1.670000 5.243800
1.680000 5.275200
1.690000 5.306600
1.700000 5.338000
1.710000 5.369400
1.720000 5.400800
1.730000 5.432200
1.740000 5.463600
1.750000 5.495000
1.760000 5.526400
1.770000 5.557800
1.780000 5.589200
1.790000 5.620600
1.800000 5.652000
1.810000 5.683400
1.820000 5.714800
1.830000 5.746200
1.840000 5.777600
1.850000 5.809000
1.860000 5.840400
1.870000 5.871800
1.880000 5.903200
1.890000 5.934600
1.900000 5.966000
1.910000 5.997400
1.920000 6.028800
1.930000 6.060200
1.940000 6.091600
1.950000 6.123000
1.960000 6.154400
1.970000 6.185800
1.980000 6.217200
1.990000 6.248600
2.000000 6.280000
2.010000 6.311400
2.020000 6.342800
2.030000 6.374200
2.040000 6.405600
2.050000 6.437000
2.060000 6.468400
2.070000 6.499800
2.080000 6.531200
2.090000 6.562600
2.100000 6.594000
2.110000 6.625400
2.120000 6.656800
2.130000 6.688200
2.140000 6.719600
2.150000 6.751000
2.160000 6.782400
2.170000 6.813800
2.180000 6.845200
2.190000 6.876600
2.200000 6.908000
2.210000 6.939400
2.220000 6.970800
2.230000 7.002200
2.240000 7.033600
2.250000 7.065000
2.260000 7.096400
2.270000 7.127800
2.280000 7.159200
2.290000 7.190600
2.300000 7.222000
2.310000 7.253400
2.320000 7.284800
2.330000 7.316200
2.340000 7.347600
2.350000 7.379000
2.360000 7.410400
2.370000 7.441801
2.380000 7.473200
2.390000 7.504600
2.400000 7.536000
2.410000 7.567400
2.420000 7.598800
2.430000 7.630200
2.440000 7.661600
2.450000 7.693000
2.460000 7.724400
2.470000 7.755800
2.480000 7.787200
2.490000 7.818600
2.500000 7.850000
2.510000 7.881400
2.520000 7.912800
2.530000 7.944200
2.540000 7.975600
2.560000 8.038400
2.570000 8.069800
2.580000 8.101200
2.590000 8.132600
2.600000 8.164001
2.610000 8.195400
2.620000 8.226800
2.630000 8.258200
2.640000 8.289600
2.650000 8.321000
2.660000 8.352401
2.670000 8.383800
2.680000 8.415200
2.690000 8.446600
2.700000 8.478001
2.710000 8.509399
2.730000 8.572200
2.740000 8.603601
2.750000 8.635000
2.760000 8.666400
2.770000 8.697800
2.780000 8.729200
2.790000 8.760600
2.800000 8.792000
2.810000 8.823400
2.820000 8.854800
2.830000 8.886200
2.840000 8.917600
2.850000 8.949000
2.860000 8.980400
2.870000 9.011801
2.880000 9.043200
2.900000 9.106000
2.910000 9.137401
2.920000 9.168799
2.930000 9.200200
2.940000 9.231600
2.970000 9.325800
2.980000 9.357200
2.990000 9.388600
3.000000 9.420000
3.010000 9.451400
3.020000 9.482800
3.030000 9.514200
3.040000 9.545600
3.050000 9.577000
3.060000 9.608400
3.070000 9.639800
3.080000 9.671201
3.090000 9.702600
3.100000 9.734000
3.110000 9.765400
3.130000 9.828199
3.140000 9.859600
3.150000 9.891000
3.160000 9.922400
3.170000 9.953800
3.180000 9.985200
3.190000 10.016600
3.200000 10.048000
3.210000 10.079400
3.220000 10.110800
3.230000 10.142200
3.240000 10.173600
3.250000 10.205000
3.260000 10.236400
3.270000 10.267800
3.280000 10.299200
3.300000 10.362000
3.310000 10.393400
3.320000 10.424800
3.335000 10.471900
3.345000 10.503301
3.355000 10.534700
3.365000 10.566099
3.375000 10.597500
3.385000 10.628900
3.395000 10.660300
3.405000 10.691700
3.415000 10.723101
3.425000 10.754500
3.435000 10.785901
3.445000 10.817300
3.455000 10.848700
3.475000 10.911500
3.485000 10.942900
3.495000 10.974300
3.505000 11.005700
3.515000 11.037101
3.525000 11.068501
3.535000 11.099899
3.545000 11.131300
3.555000 11.162700
3.565000 11.194100
3.575000 11.225500
3.585000 11.256901
3.595000 11.288301
3.605000 11.319700
3.615000 11.351100
3.625000 11.382500
3.645000 11.445300
3.655000 11.476700
3.665000 11.508101
3.675000 11.539500
3.685000 11.570901
3.705000 11.633699
3.715000 11.665100
3.725000 11.696500
3.735000 11.727901
3.745000 11.759300
3.755000 11.790700
3.765000 11.822101
3.775000 11.853500
3.785000 11.884900
3.795000 11.916300
3.805000 11.947700
3.815000 11.979100
3.825000 12.010500
3.835000 12.041901
3.845000 12.073300
3.855000 12.104701
3.875000 12.167500
3.885000 12.198900
3.895000 12.230300
3.905000 12.261701
3.915000 12.293100
3.925000 12.324500
3.935000 12.355901
3.945000 12.387300
3.955000 12.418699
3.965000 12.450100
3.975000 12.481500
3.985000 12.512900
3.995000 12.544300
4.005000 12.575701
4.015000 12.607100
