0.000000 0.000000
0.010000 12.000000
0.020000 12.000000
0.030000 12.000000
0.040000 12.000000
0.050000 12.000000
0.060000 12.000000
0.070000 12.000000
0.080000 12.000000
0.090000 12.000000
0.100000 12.000000
0.110000 12.000000
0.120000 12.000000
0.130000 12.000000
0.140000 12.000000
0.150000 12.000000
0.160000 9.128064
0.170000 2.402843
0.180000 1.023697
0.190000 -0.335949
0.200000 -1.750113
0.210000 -2.719250
0.220000 -3.267278
0.230000 -3.569736
0.240000 -3.647154
0.250000 -3.058787
0.260000 -2.677015
0.270000 -1.880605
0.280000 -1.469298
0.290000 -0.774519
0.300000 -0.510300
0.310000 -0.170076
0.320000 0.170115
0.330000 0.657002
0.340000 0.631220
0.350000 0.992517
0.360000 1.024439
0.370000 1.015186
0.380000 0.786662
0.390000 0.881440
0.400000 0.534086
0.410000 0.605332
0.420000 0.496445
0.430000 0.370241
0.440000 0.457170
0.450000 0.425378
0.460000 0.258691
0.470000 0.291414
0.480000 0.176643
0.490000 0.061873
0.500000 -0.052898
0.510000 -0.167669
0.520000 -0.282440
0.550000 -0.591155
0.560000 -0.339585
0.570000 -0.511473
0.580000 -0.520481
0.590000 -0.514040
0.600000 -0.312890
0.610000 -0.415468
0.620000 -0.390855
0.630000 -0.502121
0.640000 -0.458199
0.650000 -0.442196
0.660000 -0.390595
0.670000 -0.366902
0.680000 -0.343209
0.690000 -0.319515
0.700000 -0.295822
0.710000 -0.272129
0.720000 -0.248436
0.730000 -0.224742
0.740000 -0.201049
0.750000 -0.177356
0.770000 -0.129969
0.780000 -0.106276
0.790000 -0.082583
0.800000 -0.058889
0.810000 -0.035196
0.820000 -0.011503
0.830000 0.012190
0.840000 0.035884
0.850000 0.059577
0.860000 0.083270
0.870000 0.106963
0.880000 0.130657
0.890000 0.154350
0.900000 0.178043
0.910000 0.201737
0.920000 0.225430
0.930000 0.249123
0.940000 0.272816
0.950000 0.296510
0.960000 0.320203
0.970000 0.343896
0.980000 0.367589
0.990000 0.391283
1.000000 0.414976
1.010000 0.438669
1.020000 0.462363
1.030000 0.486056
1.040000 0.474152
1.050000 0.490154
1.060000 0.470544
1.070000 0.443240
1.080000 0.443856
1.090000 0.265224
1.100000 0.405644
1.110000 0.398569
1.120000 0.391494
1.130000 0.384419
1.140000 0.377344
1.150000 0.370269
1.160000 0.363194
1.170000 0.356119
1.180000 0.349043
1.190000 0.341968
1.205000 0.331356
1.215000 0.324281
1.225000 0.317206
1.235000 0.310131
1.245000 0.303056
1.255000 0.295981
1.265000 0.288906
1.275000 0.281831
1.285000 0.274756
1.295000 0.267681
1.305000 0.260606
1.315000 0.253531
1.325000 0.246456
1.335000 0.239381
1.345000 0.232306
1.355000 0.225231
1.365000 0.218155
1.375000 0.211080
1.385000 0.204005
1.395000 0.196930
1.405000 0.189855
1.415000 0.182780
1.425000 0.175705
1.435000 0.168630
1.445000 0.161555
1.455000 0.154480
1.465000 0.147405
1.475000 0.140330
1.485000 0.133255
1.495000 0.126180
1.505000 0.119105
1.515000 0.112030
1.525000 0.104955
1.535000 0.097880
1.545000 0.090805
1.555000 0.083730
1.565000 0.076655
1.575000 0.069580
1.585000 0.062505
1.595000 0.055430
1.605000 0.048355
1.615000 0.041280
1.625000 0.034205
1.635000 0.027130
1.645000 0.020055
1.655000 0.012980
1.665000 0.005905
1.675000 -0.001170
1.685000 -0.008245
1.695000 -0.015320
1.705000 -0.022395
1.715000 -0.029470
1.725000 -0.036546
1.735000 -0.043621
1.745000 -0.050696
1.755000 -0.057771
1.765000 -0.064846
1.775000 -0.071921
1.785000 -0.078996
1.795000 -0.086071
1.805000 -0.093146
1.815000 -0.100221
1.825000 -0.107296
1.835000 -0.114371
1.845000 -0.121446
1.855000 -0.128521
1.865000 -0.135596
1.875000 -0.142671
1.885000 -0.149746
1.895000 -0.156821
1.905000 -0.163896
1.915000 -0.170971
1.925000 -0.178046
1.935000 -0.185121
1.945000 -0.192196
1.955000 -0.199271
1.965000 -0.206346
1.975000 -0.213421
1.985000 -0.220496
1.995000 -0.227571
2.005000 -0.234646
