0.005000 3.130183
0.015000 3.058188
0.025000 2.937106
0.035000 2.784935
0.045000 2.612038
0.055000 2.426051
0.065000 2.231884
0.075000 2.031716
0.085000 1.827731
0.095000 1.621564
0.105000 1.413215
0.125000 0.993791
0.135000 0.782715
0.145000 0.571639
0.155000 0.360563
0.165000 0.148942
0.185000 -0.260665
0.195000 -0.361567
0.205000 -0.370839
0.215000 -0.327751
0.225000 -0.257938
0.235000 -0.182670
0.245000 -0.114494
0.255000 -0.059952
0.265000 -0.022318
0.275000 0.001135
0.295000 0.021315
0.305000 0.021860
0.315000 0.019679
0.325000 0.015861
0.335000 0.010952
0.345000 0.007134
0.355000 0.004407
0.365000 0.001680
0.375000 0.000044
0.385000 -0.000502
0.395000 -0.001047
0.405000 -0.001047
0.415000 -0.001047
0.425000 -0.001047
0.435000 -0.001047
0.445000 -0.001047
0.465000 -0.001047
0.475000 -0.001047
0.485000 -0.001047
0.495000 -0.001047
0.505000 -0.001047
0.515000 -0.001047
0.525000 -0.001047
0.535000 -0.001047
0.545000 -0.001047
0.555000 -0.001047
0.565000 -0.001047
0.575000 -0.001047
0.585000 -0.001047
0.595000 -0.001047
0.605000 -0.001047
0.615000 -0.000502
0.625000 -0.000502
0.635000 0.000044
0.645000 0.000044
0.655000 0.000044
0.665000 0.000044
0.675000 0.000044
0.695000 0.000044
0.705000 0.000044
0.715000 0.000044
0.725000 0.000044
0.735000 0.000044
0.745000 0.000044
0.755000 0.000044
0.765000 0.000044
0.775000 0.000044
0.785000 0.000044
0.795000 0.000044
0.805000 0.000044
0.815000 0.000044
0.825000 0.000044
0.835000 0.000044
0.845000 0.000044
0.865000 0.000044
0.875000 0.000044
0.885000 0.000044
0.895000 0.000044
0.905000 0.000044
0.915000 0.000044
0.925000 0.000044
0.935000 0.000044
0.945000 0.000044
0.955000 0.000044
0.965000 0.000044
0.975000 0.000044
0.985000 0.000044
0.995000 0.000044
1.005000 0.000044
1.015000 0.000044
1.035000 0.000044
1.045000 0.000044
1.055000 0.000044
1.065000 0.000044
1.075000 0.000044
1.085000 0.000044
1.095000 0.000044
1.105000 0.000044
1.115000 0.000044
1.125000 0.000044
1.135000 0.000044
1.145000 0.000044
1.155000 0.000044
1.165000 0.000044
1.175000 0.000044
1.185000 0.000044
1.205000 0.000044
1.215000 0.000044
1.225000 0.000044
1.235000 0.000044
1.245000 0.000044
1.255000 0.000044
1.265000 0.000044
1.275000 0.000044
1.290000 0.000044
1.300000 0.000044
1.310000 0.000044
1.320000 0.000044
1.330000 0.000044
1.340000 0.000044
1.350000 0.000044
1.360000 0.000044
1.370000 0.000044
1.380000 0.000044
1.390000 0.000044
1.400000 0.000044
1.410000 0.000044
1.420000 0.000044
1.430000 0.000044
1.440000 0.000044
1.450000 0.000044
1.460000 0.000044
1.470000 0.000044
1.480000 0.000044
1.490000 0.000044
1.500000 0.000044
1.510000 0.000044
1.520000 0.000044
1.530000 0.000044
1.540000 0.000044
1.550000 0.000044
1.560000 0.000044
1.570000 0.000044
1.580000 0.000044
1.590000 0.000044
1.610000 0.000044
1.620000 0.000044
1.630000 0.000044
1.640000 0.000044
1.650000 0.000044
1.670000 0.000044
1.680000 0.000044
1.690000 0.000044
1.700000 0.000044
1.710000 0.000044
1.720000 0.000044
1.730000 0.000044
1.740000 0.000044
1.750000 0.000044
1.760000 0.000044
1.780000 0.000044
1.790000 0.000044
1.800000 0.000044
1.810000 0.000044
1.820000 0.000044
1.830000 0.000044
1.840000 0.000044
1.850000 0.000044
1.860000 0.000044
1.870000 0.000044
1.880000 0.000044
1.890000 0.000044
1.900000 0.000044
1.910000 0.000044
1.920000 0.000044
1.930000 0.000044
1.950000 0.000044
1.960000 0.000044
1.970000 0.000044
1.980000 0.000044
1.990000 0.000044
2.000000 0.000044
2.010000 0.000044
