0.000000 0.000000
0.010000 3.118729
0.020000 3.033099
0.030000 2.903290
0.040000 2.745119
0.050000 2.568405
0.060000 2.379691
0.070000 2.183342
0.080000 1.981538
0.090000 1.776462
0.100000 1.569204
0.110000 1.360310
0.120000 1.150325
0.140000 0.728173
0.150000 0.516552
0.160000 0.304931
0.170000 0.100400
0.180000 -0.061043
0.190000 -0.171217
0.200000 -0.240484
0.210000 -0.274846
0.220000 -0.280300
0.230000 -0.263937
0.240000 -0.233394
0.250000 -0.191942
0.260000 -0.146673
0.270000 -0.100313
0.280000 -0.058861
0.290000 -0.022318
0.300000 0.006043
0.310000 0.026769
0.320000 0.040404
0.330000 0.048586
0.340000 0.051313
0.350000 0.050222
0.360000 0.046404
0.370000 0.040404
0.380000 0.032223
0.390000 0.024042
0.400000 0.015315
0.410000 0.008225
0.420000 0.002225
0.430000 -0.002683
0.440000 -0.005410
0.450000 -0.007047
0.460000 -0.008137
0.470000 -0.008137
0.480000 -0.008137
0.490000 -0.008137
0.500000 -0.008137
0.510000 -0.008137
0.520000 -0.008137
0.550000 -0.007592
0.560000 -0.006501
0.570000 -0.005410
0.580000 -0.004320
0.590000 -0.003229
0.600000 -0.001593
0.610000 -0.000502
0.620000 0.000044
0.630000 0.000589
0.640000 0.001135
0.650000 0.001135
0.660000 0.001680
0.670000 0.001680
0.680000 0.001680
0.690000 0.001680
0.710000 0.001680
0.720000 0.001680
0.730000 0.001680
0.740000 0.001680
0.750000 0.001680
0.770000 0.001680
0.780000 0.001680
0.790000 0.001680
0.800000 0.001680
0.810000 0.001680
0.820000 0.001680
0.830000 0.001680
0.840000 0.001680
0.850000 0.001680
0.860000 0.001680
0.870000 0.001680
0.880000 0.001680
0.890000 0.001680
0.900000 0.001680
0.910000 0.001680
0.920000 0.001680
0.930000 0.001680
0.940000 0.001680
0.950000 0.001680
0.960000 0.001680
0.970000 0.001680
0.980000 0.001680
0.990000 0.001680
1.000000 0.001680
1.010000 0.001680
1.020000 0.001680
1.030000 0.001680
1.040000 0.001135
1.050000 0.001135
1.060000 0.000589
1.070000 0.000044
1.080000 0.000044
1.090000 -0.000502
1.100000 -0.000502
1.110000 -0.000502
1.120000 -0.000502
1.130000 -0.000502
1.140000 -0.000502
1.150000 -0.000502
1.160000 -0.000502
1.170000 -0.000502
1.180000 -0.000502
1.190000 -0.000502
1.200000 -0.000502
1.210000 -0.000502
1.220000 -0.000502
1.230000 -0.000502
1.240000 -0.000502
1.250000 -0.000502
1.260000 -0.000502
1.285000 -0.000502
1.295000 -0.000502
1.305000 -0.000502
1.315000 -0.000502
1.325000 -0.000502
1.335000 -0.000502
1.345000 -0.000502
1.355000 -0.000502
1.365000 -0.000502
1.375000 -0.000502
1.385000 -0.000502
1.395000 -0.000502
1.405000 -0.000502
1.415000 -0.000502
1.425000 -0.000502
1.435000 -0.000502
1.445000 -0.000502
1.455000 -0.000502
1.465000 -0.000502
1.475000 -0.000502
1.485000 -0.000502
1.495000 -0.000502
1.505000 -0.000502
1.515000 -0.000502
1.525000 -0.000502
1.535000 -0.000502
1.545000 -0.000502
1.555000 -0.000502
1.565000 -0.000502
1.575000 -0.000502
1.585000 -0.000502
1.595000 -0.000502
1.605000 -0.000502
1.615000 -0.000502
1.625000 -0.000502
1.635000 -0.000502
1.645000 -0.000502
1.655000 -0.000502
1.665000 -0.000502
1.675000 -0.000502
1.685000 -0.000502
1.695000 -0.000502
1.705000 -0.000502
1.715000 -0.000502
1.725000 -0.000502
1.735000 -0.000502
1.745000 -0.000502
1.755000 -0.000502
1.765000 -0.000502
1.775000 -0.000502
1.785000 -0.000502
1.795000 -0.000502
1.805000 -0.000502
1.815000 -0.000502
1.825000 -0.000502
1.835000 -0.000502
1.845000 -0.000502
1.855000 -0.000502
1.865000 -0.000502
1.875000 -0.000502
1.885000 -0.000502
1.895000 -0.000502
1.905000 -0.000502
1.915000 -0.000502
1.925000 -0.000502
1.935000 -0.000502
1.945000 -0.000502
1.955000 -0.000502
1.965000 -0.000502
1.975000 -0.000502
1.985000 -0.000502
1.995000 -0.000502
2.005000 -0.000502
