0.005000 12.000000
0.015000 12.000000
0.025000 12.000000
0.035000 12.000000
0.045000 12.000000
0.055000 12.000000
0.065000 12.000000
0.075000 12.000000
0.085000 12.000000
0.095000 12.000000
0.105000 12.000000
0.115000 12.000000
0.125000 12.000000
0.135000 12.000000
0.145000 12.000000
0.155000 12.000000
0.165000 12.000000
0.185000 -12.000000
0.195000 -7.875557
0.205000 -7.819904
0.215000 -6.456738
0.235000 -2.865860
0.245000 -1.171773
0.255000 -0.229872
0.265000 -0.012837
0.275000 0.143075
0.285000 0.687946
0.295000 0.709142
0.305000 0.772525
0.315000 0.647740
0.325000 0.621870
0.335000 0.254132
0.345000 0.326208
0.355000 0.638805
0.365000 0.369084
0.375000 0.397613
0.385000 0.315250
0.395000 0.431671
0.405000 0.387367
0.415000 0.343063
0.425000 0.298758
0.435000 0.254454
0.445000 0.210150
0.455000 0.165846
0.465000 0.121541
0.475000 0.077237
0.485000 0.032933
0.495000 -0.011371
0.505000 -0.055676
0.515000 -0.099980
0.525000 -0.144284
0.535000 -0.188588
0.545000 -0.232893
0.555000 -0.277197
0.565000 -0.321501
0.575000 -0.365806
0.585000 -0.410110
0.595000 -0.454414
0.605000 -0.498718
0.615000 -0.447135
0.625000 -0.468359
0.635000 -0.393737
0.645000 -0.391891
0.655000 -0.390045
0.665000 -0.388199
0.675000 -0.386353
0.695000 -0.382661
0.705000 -0.380815
0.715000 -0.378969
0.725000 -0.377123
0.735000 -0.375277
0.745000 -0.373431
0.755000 -0.371585
0.765000 -0.369739
0.775000 -0.367893
0.785000 -0.366047
0.795000 -0.364201
0.805000 -0.362355
0.815000 -0.360509
0.825000 -0.358663
0.835000 -0.356817
0.845000 -0.354971
0.855000 -0.353125
0.865000 -0.351279
0.875000 -0.349433
0.885000 -0.347587
0.895000 -0.345741
0.905000 -0.343895
0.915000 -0.342049
0.925000 -0.340203
0.935000 -0.338357
0.945000 -0.336511
0.955000 -0.334665
0.965000 -0.332819
0.975000 -0.330973
0.985000 -0.329127
0.995000 -0.327281
1.005000 -0.325435
1.015000 -0.323589
1.025000 -0.321743
1.035000 -0.319897
1.045000 -0.318051
1.055000 -0.316205
1.065000 -0.314359
1.075000 -0.312513
1.085000 -0.310667
1.095000 -0.308821
1.105000 -0.306975
1.115000 -0.305129
1.125000 -0.303283
1.135000 -0.301437
1.145000 -0.299591
1.155000 -0.297745
1.165000 -0.295899
1.175000 -0.294053
1.185000 -0.292207
1.195000 -0.290361
1.205000 -0.288514
1.220000 -0.285745
1.230000 -0.283899
1.240000 -0.282053
1.250000 -0.280207
1.260000 -0.278361
1.270000 -0.276515
1.280000 -0.274669
1.290000 -0.272823
1.300000 -0.270977
1.310000 -0.269131
1.320000 -0.267285
1.330000 -0.265439
1.340000 -0.263593
1.350000 -0.261747
1.360000 -0.259901
1.370000 -0.258055
1.380000 -0.256209
1.390000 -0.254363
1.400000 -0.252517
1.410000 -0.250671
1.420000 -0.248825
1.430000 -0.246979
1.440000 -0.245133
1.450000 -0.243287
1.460000 -0.241441
1.470000 -0.239595
1.480000 -0.237749
1.490000 -0.235903
1.500000 -0.234057
1.510000 -0.232211
1.520000 -0.230365
1.530000 -0.228519
1.540000 -0.226673
1.550000 -0.224827
1.560000 -0.222981
1.570000 -0.221135
1.580000 -0.219289
1.590000 -0.217443
1.600000 -0.215597
1.610000 -0.213751
1.620000 -0.211905
1.630000 -0.210059
1.640000 -0.208213
1.650000 -0.206367
1.670000 -0.202675
1.680000 -0.200829
1.690000 -0.198983
1.700000 -0.197137
1.710000 -0.195291
1.720000 -0.193445
1.730000 -0.191599
1.740000 -0.189753
1.750000 -0.187907
1.760000 -0.186061
1.780000 -0.182369
1.790000 -0.180523
1.800000 -0.178677
1.810000 -0.176831
1.820000 -0.174985
1.830000 -0.173139
1.840000 -0.171293
1.850000 -0.169447
1.860000 -0.167601
1.870000 -0.165755
1.880000 -0.163909
1.890000 -0.162063
1.900000 -0.160217
1.910000 -0.158371
1.920000 -0.156525
1.930000 -0.154679
1.940000 -0.152833
1.950000 -0.150987
1.960000 -0.149141
1.970000 -0.147295
1.980000 -0.145449
1.990000 -0.143603
2.000000 -0.141757
2.010000 -0.139911
